"perceiver.id" "target.id" "liking_a" "liking_b" "metaliking_a" "metaliking_b"
"1" 1 1 NA NA NA NA
"2" 2 1 4 5 3 2
"3" 3 1 4 4 4 4
"4" 4 1 3 3 3 3
"5" 5 1 5 5 3 3
"6" 6 1 3 4 4 3
"7" 7 1 5 4 3 3
"8" 8 1 4 3 3 3
"9" 9 1 3 4 3 3
"10" 10 1 3 3 2 2
"11" 11 1 3 3 3 3
"12" 12 1 3 3 3 3
"13" 13 1 3 3 3 3
"14" 14 1 5 4 3 3
"15" 15 1 4 3 3 3
"16" 16 1 3 2 2 1
"17" 17 1 4 3 3 2
"18" 18 1 4 3 4 4
"19" 19 1 5 3 2 2
"20" 20 1 4 4 4 3
"21" 21 1 3 3 3 2
"22" 22 1 4 3 3 2
"23" 23 1 4 4 3 3
"24" 24 1 3 2 2 2
"25" 25 1 2 2 2 2
"26" 26 1 3 2 2 2
"27" 27 1 2 2 2 2
"28" 28 1 3 4 2 2
"29" 29 1 3 3 3 2
"30" 30 1 3 3 2 3
"31" 31 1 4 4 3 4
"32" 32 1 3 2 3 3
"33" 33 1 3 3 3 2
"34" 34 1 4 4 4 4
"35" 35 1 3 2 3 3
"36" 36 1 1 1 2 1
"37" 37 1 1 1 1 1
"38" 38 1 4 4 4 3
"39" 39 1 4 3 3 3
"40" 40 1 3 3 3 3
"41" 41 1 3 3 3 3
"42" 42 1 2 2 2 2
"43" 43 1 4 4 4 4
"44" 44 1 3 1 2 2
"45" 45 1 3 3 2 2
"46" 46 1 4 3 2 2
"47" 47 1 4 4 3 3
"48" 48 1 3 3 3 3
"49" 49 1 4 3 3 3
"50" 50 1 4 4 2 3
"51" 51 1 3 3 3 3
"52" 52 1 5 5 3 3
"53" 53 1 5 4 2 2
"54" 54 1 4 3 2 2
"55" 1 2 3 2 3 3
"56" 2 2 NA NA NA NA
"57" 3 2 3 3 4 4
"58" 4 2 3 2 2 3
"59" 5 2 4 1 2 2
"60" 6 2 3 3 3 3
"61" 7 2 3 3 2 3
"62" 8 2 3 3 3 3
"63" 9 2 2 1 2 2
"64" 10 2 3 3 3 3
"65" 11 2 1 1 2 2
"66" 12 2 2 2 3 2
"67" 13 2 2 2 3 3
"68" 14 2 3 2 2 2
"69" 15 2 3 2 2 1
"70" 16 2 2 1 2 1
"71" 17 2 2 2 2 2
"72" 18 2 3 2 3 2
"73" 19 2 2 1 2 2
"74" 20 2 3 3 4 3
"75" 21 2 3 3 4 4
"76" 22 2 3 2 2 2
"77" 23 2 2 2 4 5
"78" 24 2 2 1 3 3
"79" 25 2 1 1 2 1
"80" 26 2 1 1 1 0
"81" 27 2 3 2 2 2
"82" 28 2 2 1 2 2
"83" 29 2 1 1 2 2
"84" 30 2 2 2 3 3
"85" 31 2 3 3 2 2
"86" 32 2 2 1 3 2
"87" 33 2 2 2 3 2
"88" 34 2 3 3 3 3
"89" 35 2 2 2 2 3
"90" 36 2 0 0 0 0
"91" 37 2 1 1 1 1
"92" 38 2 2 1 2 1
"93" 39 2 2 1 1 2
"94" 40 2 2 2 2 2
"95" 41 2 3 3 3 3
"96" 42 2 1 0 2 1
"97" 43 2 4 4 4 4
"98" 44 2 1 1 1 1
"99" 45 2 2 2 2 2
"100" 46 2 3 2 2 2
"101" 47 2 3 2 3 2
"102" 48 2 1 1 3 2
"103" 49 2 2 1 2 2
"104" 50 2 2 2 2 1
"105" 51 2 3 2 3 2
"106" 52 2 3 2 3 2
"107" 53 2 3 3 2 1
"108" 54 2 3 2 2 1
"109" 1 3 3 3 3 3
"110" 2 3 3 3 1 1
"111" 3 3 NA NA NA NA
"112" 4 3 3 3 2 2
"113" 5 3 4 3 2 2
"114" 6 3 4 5 4 3
"115" 7 3 4 3 3 3
"116" 8 3 4 4 3 3
"117" 9 3 4 4 4 3
"118" 10 3 3 2 2 2
"119" 11 3 3 2 2 2
"120" 12 3 4 3 4 3
"121" 13 3 3 3 4 3
"122" 14 3 3 2 3 2
"123" 15 3 4 4 3 3
"124" 16 3 2 2 2 2
"125" 17 3 3 3 2 3
"126" 18 3 5 4 4 3
"127" 19 3 2 2 2 2
"128" 20 3 4 4 4 3
"129" 21 3 3 4 2 2
"130" 22 3 4 4 3 3
"131" 23 3 5 4 3 3
"132" 24 3 3 3 3 2
"133" 25 3 3 2 1 0
"134" 26 3 5 4 3 3
"135" 27 3 4 4 3 2
"136" 28 3 4 4 3 3
"137" 29 3 3 4 3 3
"138" 30 3 4 4 3 3
"139" 31 3 3 3 3 4
"140" 32 3 3 2 3 2
"141" 33 3 4 4 4 4
"142" 34 3 4 4 4 4
"143" 35 3 4 3 3 3
"144" 36 3 3 2 3 2
"145" 37 3 4 3 4 3
"146" 38 3 3 3 3 3
"147" 39 3 4 4 3 3
"148" 40 3 4 4 3 3
"149" 41 3 3 3 3 3
"150" 42 3 3 1 2 1
"151" 43 3 4 4 4 4
"152" 44 3 3 3 3 3
"153" 45 3 3 3 2 3
"154" 46 3 5 4 3 3
"155" 47 3 3 3 2 2
"156" 48 3 3 3 2 1
"157" 49 3 3 3 3 3
"158" 50 3 4 3 3 3
"159" 51 3 3 3 3 3
"160" 52 3 5 3 4 4
"161" 53 3 3 2 0 0
"162" 54 3 4 3 3 2
"163" 1 4 2 2 3 2
"164" 2 4 4 4 2 2
"165" 3 4 3 2 3 2
"166" 4 4 NA NA NA NA
"167" 5 4 4 4 3 3
"168" 6 4 3 4 2 2
"169" 7 4 3 2 1 1
"170" 8 4 4 4 3 3
"171" 9 4 4 4 4 3
"172" 10 4 3 2 2 1
"173" 11 4 3 3 2 2
"174" 12 4 3 3 3 3
"175" 13 4 3 4 4 4
"176" 14 4 4 4 3 3
"177" 15 4 4 3 3 3
"178" 16 4 4 3 2 1
"179" 17 4 4 4 3 3
"180" 18 4 5 4 3 4
"181" 19 4 3 3 2 2
"182" 20 4 4 3 3 3
"183" 21 4 3 3 3 3
"184" 22 4 3 3 3 3
"185" 23 4 5 4 3 4
"186" 24 4 4 4 3 3
"187" 25 4 3 2 2 2
"188" 26 4 4 2 2 2
"189" 27 4 3 3 2 2
"190" 28 4 4 3 3 3
"191" 29 4 3 2 3 2
"192" 30 4 3 3 4 4
"193" 31 4 2 2 3 2
"194" 32 4 4 3 2 2
"195" 33 4 4 4 3 3
"196" 34 4 3 3 2 2
"197" 35 4 4 3 3 3
"198" 36 4 4 3 3 3
"199" 37 4 4 4 3 3
"200" 38 4 4 4 4 4
"201" 39 4 3 2 2 2
"202" 40 4 2 2 3 3
"203" 41 4 4 3 3 4
"204" 42 4 3 1 2 2
"205" 43 4 4 4 4 4
"206" 44 4 4 4 3 4
"207" 45 4 2 2 2 2
"208" 46 4 5 5 3 3
"209" 47 4 4 1 2 2
"210" 48 4 5 5 3 3
"211" 49 4 3 3 2 2
"212" 50 4 4 3 1 1
"213" 51 4 4 3 3 3
"214" 52 4 4 4 4 3
"215" 53 4 5 4 2 1
"216" 54 4 4 3 2 2
"217" 1 5 2 2 2 3
"218" 2 5 3 3 1 2
"219" 3 5 3 2 3 2
"220" 4 5 4 4 4 4
"221" 5 5 NA NA NA NA
"222" 6 5 4 4 3 3
"223" 7 5 4 1 3 3
"224" 8 5 4 4 3 3
"225" 9 5 2 2 4 3
"226" 10 5 3 2 3 3
"227" 11 5 4 3 2 2
"228" 12 5 4 4 3 2
"229" 13 5 3 3 4 4
"230" 14 5 4 4 1 1
"231" 15 5 3 1 1 1
"232" 16 5 5 4 3 3
"233" 17 5 4 3 3 3
"234" 18 5 5 5 4 3
"235" 19 5 3 2 2 2
"236" 20 5 4 3 3 3
"237" 21 5 3 3 3 3
"238" 22 5 4 3 2 2
"239" 23 5 4 3 1 2
"240" 24 5 4 3 3 3
"241" 25 5 3 2 3 1
"242" 26 5 3 3 3 3
"243" 27 5 2 2 2 2
"244" 28 5 2 1 2 2
"245" 29 5 2 2 1 1
"246" 30 5 2 2 3 3
"247" 31 5 3 2 3 2
"248" 32 5 2 0 2 0
"249" 33 5 4 3 3 3
"250" 34 5 3 2 2 2
"251" 35 5 2 2 2 2
"252" 36 5 1 0 1 1
"253" 37 5 1 1 1 1
"254" 38 5 4 4 4 4
"255" 39 5 3 2 3 3
"256" 40 5 3 3 3 3
"257" 41 5 4 3 3 4
"258" 42 5 2 2 1 1
"259" 43 5 3 3 3 3
"260" 44 5 3 3 2 3
"261" 45 5 2 2 2 1
"262" 46 5 4 4 4 3
"263" 47 5 4 1 3 1
"264" 48 5 3 1 3 3
"265" 49 5 3 2 2 2
"266" 50 5 3 1 1 1
"267" 51 5 3 2 3 2
"268" 52 5 3 1 2 2
"269" 53 5 5 3 2 2
"270" 54 5 4 3 3 3
"271" 1 6 4 4 3 3
"272" 2 6 4 4 1 1
"273" 3 6 3 3 3 3
"274" 4 6 2 2 2 2
"275" 5 6 4 4 2 2
"276" 6 6 NA NA NA NA
"277" 7 6 5 5 5 5
"278" 8 6 5 5 4 4
"279" 9 6 4 4 4 3
"280" 10 6 4 4 3 3
"281" 11 6 3 2 2 2
"282" 12 6 4 3 3 3
"283" 13 6 5 4 4 4
"284" 14 6 3 3 3 3
"285" 15 6 4 3 3 3
"286" 16 6 5 5 4 4
"287" 17 6 4 4 3 2
"288" 18 6 4 4 5 3
"289" 19 6 2 1 2 2
"290" 20 6 4 4 4 3
"291" 21 6 4 4 3 3
"292" 22 6 4 4 3 3
"293" 23 6 5 5 3 4
"294" 24 6 1 1 1 2
"295" 25 6 2 2 2 1
"296" 26 6 5 4 3 3
"297" 27 6 4 4 3 3
"298" 28 6 4 4 4 3
"299" 29 6 4 3 3 3
"300" 30 6 4 4 3 3
"301" 31 6 5 5 4 3
"302" 32 6 4 3 3 2
"303" 33 6 3 3 3 3
"304" 34 6 4 4 4 4
"305" 35 6 2 2 3 3
"306" 36 6 0 0 0 0
"307" 37 6 0 0 0 0
"308" 38 6 4 4 4 3
"309" 39 6 5 4 3 3
"310" 40 6 3 3 3 3
"311" 41 6 3 3 3 3
"312" 42 6 4 4 3 3
"313" 43 6 3 3 3 3
"314" 44 6 4 4 4 4
"315" 45 6 3 3 3 3
"316" 46 6 3 3 3 2
"317" 47 6 3 3 3 2
"318" 48 6 3 2 2 2
"319" 49 6 4 3 3 3
"320" 50 6 4 3 3 3
"321" 51 6 3 2 3 2
"322" 52 6 4 4 3 3
"323" 53 6 5 3 1 0
"324" 54 6 4 4 3 3
"325" 1 7 3 3 4 2
"326" 2 7 3 2 2 2
"327" 3 7 4 3 2 2
"328" 4 7 1 2 2 2
"329" 5 7 3 2 1 1
"330" 6 7 5 5 4 3
"331" 7 7 NA NA NA NA
"332" 8 7 5 5 4 4
"333" 9 7 4 4 4 3
"334" 10 7 4 3 2 2
"335" 11 7 3 2 3 2
"336" 12 7 4 4 3 3
"337" 13 7 5 4 3 3
"338" 14 7 5 4 3 3
"339" 15 7 4 4 3 3
"340" 16 7 5 5 5 5
"341" 17 7 3 3 3 2
"342" 18 7 3 4 4 3
"343" 19 7 3 3 2 2
"344" 20 7 4 4 4 3
"345" 21 7 2 2 2 2
"346" 22 7 2 2 3 3
"347" 23 7 3 2 3 3
"348" 24 7 2 2 3 3
"349" 25 7 3 1 2 1
"350" 26 7 2 3 3 2
"351" 27 7 4 4 3 3
"352" 28 7 4 4 4 4
"353" 29 7 3 3 3 3
"354" 30 7 3 3 2 2
"355" 31 7 5 5 4 4
"356" 32 7 4 4 3 3
"357" 33 7 3 3 3 3
"358" 34 7 3 4 3 3
"359" 35 7 2 2 3 3
"360" 36 7 3 2 3 1
"361" 37 7 1 1 0 0
"362" 38 7 2 2 2 2
"363" 39 7 5 4 3 3
"364" 40 7 3 3 3 3
"365" 41 7 3 3 4 3
"366" 42 7 3 3 4 4
"367" 43 7 3 3 3 3
"368" 44 7 3 2 2 3
"369" 45 7 4 4 3 3
"370" 46 7 3 2 2 2
"371" 47 7 3 3 3 3
"372" 48 7 2 1 2 2
"373" 49 7 3 3 3 3
"374" 50 7 5 5 4 3
"375" 51 7 3 2 2 2
"376" 52 7 4 3 3 3
"377" 53 7 3 3 1 1
"378" 54 7 4 4 3 3
"379" 1 8 3 3 2 3
"380" 2 8 2 2 2 2
"381" 3 8 3 2 2 2
"382" 4 8 2 2 3 2
"383" 5 8 2 1 1 1
"384" 6 8 5 5 4 3
"385" 7 8 5 5 4 4
"386" 8 8 NA NA NA NA
"387" 9 8 4 4 3 3
"388" 10 8 4 3 3 3
"389" 11 8 3 3 2 2
"390" 12 8 3 3 3 3
"391" 13 8 5 4 4 4
"392" 14 8 3 2 3 3
"393" 15 8 3 2 2 2
"394" 16 8 4 3 3 3
"395" 17 8 1 2 2 3
"396" 18 8 5 4 3 5
"397" 19 8 2 2 2 2
"398" 20 8 4 4 4 3
"399" 21 8 3 3 3 3
"400" 22 8 2 2 3 3
"401" 23 8 4 4 4 3
"402" 24 8 2 2 2 2
"403" 25 8 3 2 3 2
"404" 26 8 2 3 3 2
"405" 27 8 3 3 3 3
"406" 28 8 3 3 3 2
"407" 29 8 3 3 3 3
"408" 30 8 4 4 3 3
"409" 31 8 4 3 3 2
"410" 32 8 2 0 3 1
"411" 33 8 4 4 4 4
"412" 34 8 2 2 1 1
"413" 35 8 4 4 3 3
"414" 36 8 3 3 3 3
"415" 37 8 3 3 3 3
"416" 38 8 2 2 2 2
"417" 39 8 3 2 3 3
"418" 40 8 2 2 3 3
"419" 41 8 2 3 3 2
"420" 42 8 2 1 3 2
"421" 43 8 2 2 2 2
"422" 44 8 4 4 3 4
"423" 45 8 3 3 3 3
"424" 46 8 5 5 3 5
"425" 47 8 3 2 2 2
"426" 48 8 3 2 2 2
"427" 49 8 3 3 3 3
"428" 50 8 3 3 2 2
"429" 51 8 2 1 3 2
"430" 52 8 2 2 3 2
"431" 53 8 3 2 2 2
"432" 54 8 3 3 3 2
"433" 1 9 2 2 2 2
"434" 2 9 2 2 1 1
"435" 3 9 2 2 3 1
"436" 4 9 3 3 3 3
"437" 5 9 3 3 2 2
"438" 6 9 3 4 3 3
"439" 7 9 4 4 3 3
"440" 8 9 4 4 3 3
"441" 9 9 NA NA NA NA
"442" 10 9 2 2 2 1
"443" 11 9 1 1 2 1
"444" 12 9 3 4 3 3
"445" 13 9 4 3 4 3
"446" 14 9 3 3 3 3
"447" 15 9 3 1 1 1
"448" 16 9 3 2 3 2
"449" 17 9 3 3 2 3
"450" 18 9 2 0 3 0
"451" 19 9 2 2 2 2
"452" 20 9 3 3 3 3
"453" 21 9 3 3 2 2
"454" 22 9 2 2 3 3
"455" 23 9 3 3 1 0
"456" 24 9 1 1 3 2
"457" 25 9 1 1 2 0
"458" 26 9 3 2 3 3
"459" 27 9 4 3 3 3
"460" 28 9 4 4 4 2
"461" 29 9 3 3 3 3
"462" 30 9 1 1 3 3
"463" 31 9 0 0 1 1
"464" 32 9 3 3 3 3
"465" 33 9 3 3 3 3
"466" 34 9 3 3 2 2
"467" 35 9 4 4 3 3
"468" 36 9 2 1 2 2
"469" 37 9 3 3 3 3
"470" 38 9 2 2 3 3
"471" 39 9 4 2 3 3
"472" 40 9 4 4 4 4
"473" 41 9 3 3 2 2
"474" 42 9 1 0 2 3
"475" 43 9 4 4 3 3
"476" 44 9 4 3 3 4
"477" 45 9 2 2 2 2
"478" 46 9 3 2 2 2
"479" 47 9 2 2 3 3
"480" 48 9 3 1 2 2
"481" 49 9 2 1 2 2
"482" 50 9 3 3 3 3
"483" 51 9 3 2 3 3
"484" 52 9 4 4 4 3
"485" 53 9 5 4 2 2
"486" 54 9 3 2 2 2
"487" 1 10 3 2 2 3
"488" 2 10 3 4 2 2
"489" 3 10 3 3 3 3
"490" 4 10 2 2 2 2
"491" 5 10 3 3 2 2
"492" 6 10 4 4 3 4
"493" 7 10 3 3 2 2
"494" 8 10 5 5 3 3
"495" 9 10 2 3 2 2
"496" 10 10 NA NA NA NA
"497" 11 10 4 4 3 3
"498" 12 10 4 4 3 3
"499" 13 10 3 3 4 3
"500" 14 10 3 3 3 3
"501" 15 10 4 4 4 4
"502" 16 10 4 3 3 3
"503" 17 10 3 3 3 3
"504" 18 10 4 5 4 4
"505" 19 10 2 2 2 2
"506" 20 10 4 4 4 3
"507" 21 10 3 3 3 3
"508" 22 10 4 4 3 3
"509" 23 10 3 3 3 4
"510" 24 10 4 3 3 2
"511" 25 10 3 4 5 4
"512" 26 10 2 2 3 3
"513" 27 10 4 4 3 4
"514" 28 10 4 3 3 3
"515" 29 10 3 2 2 2
"516" 30 10 3 4 3 3
"517" 31 10 4 4 4 4
"518" 32 10 2 2 2 2
"519" 33 10 4 3 3 3
"520" 34 10 3 3 3 3
"521" 35 10 3 3 3 3
"522" 36 10 2 1 2 1
"523" 37 10 2 2 1 1
"524" 38 10 3 3 3 3
"525" 39 10 3 3 3 3
"526" 40 10 4 4 4 3
"527" 41 10 3 3 3 3
"528" 42 10 2 3 2 2
"529" 43 10 3 3 3 3
"530" 44 10 4 4 4 3
"531" 45 10 3 4 3 3
"532" 46 10 5 5 3 3
"533" 47 10 4 3 3 3
"534" 48 10 4 4 3 3
"535" 49 10 3 3 3 3
"536" 50 10 3 2 2 2
"537" 51 10 2 1 2 2
"538" 52 10 3 2 3 3
"539" 53 10 5 5 3 2
"540" 54 10 3 3 2 2
"541" 1 11 3 2 2 3
"542" 2 11 2 2 2 2
"543" 3 11 2 2 2 3
"544" 4 11 2 1 3 2
"545" 5 11 4 4 3 2
"546" 6 11 5 4 3 3
"547" 7 11 3 3 3 3
"548" 8 11 4 4 3 3
"549" 9 11 3 3 3 3
"550" 10 11 4 4 3 3
"551" 11 11 NA NA NA NA
"552" 12 11 5 4 4 3
"553" 13 11 4 3 4 3
"554" 14 11 3 3 3 2
"555" 15 11 3 4 2 2
"556" 16 11 4 4 4 4
"557" 17 11 4 3 3 2
"558" 18 11 3 2 1 2
"559" 19 11 2 2 2 2
"560" 20 11 4 4 4 3
"561" 21 11 3 3 3 3
"562" 22 11 3 3 2 2
"563" 23 11 5 3 4 4
"564" 24 11 3 3 3 3
"565" 25 11 2 1 1 1
"566" 26 11 3 2 2 2
"567" 27 11 4 3 3 3
"568" 28 11 4 4 4 4
"569" 29 11 2 2 1 2
"570" 30 11 3 3 4 3
"571" 31 11 3 3 3 4
"572" 32 11 3 3 3 3
"573" 33 11 4 3 3 3
"574" 34 11 3 3 3 3
"575" 35 11 3 3 3 3
"576" 36 11 1 1 1 1
"577" 37 11 1 1 1 1
"578" 38 11 4 4 4 4
"579" 39 11 3 3 3 3
"580" 40 11 2 2 2 2
"581" 41 11 4 3 3 3
"582" 42 11 3 3 3 3
"583" 43 11 4 4 4 4
"584" 44 11 3 3 2 2
"585" 45 11 3 2 3 3
"586" 46 11 4 4 3 3
"587" 47 11 3 3 3 3
"588" 48 11 3 2 2 2
"589" 49 11 3 2 3 2
"590" 50 11 3 3 2 2
"591" 51 11 2 2 2 2
"592" 52 11 4 4 3 3
"593" 53 11 3 3 2 1
"594" 54 11 4 3 3 3
"595" 1 12 2 1 2 2
"596" 2 12 3 3 2 2
"597" 3 12 3 3 2 2
"598" 4 12 4 4 3 4
"599" 5 12 3 2 1 1
"600" 6 12 4 3 3 3
"601" 7 12 3 3 3 2
"602" 8 12 4 4 3 3
"603" 9 12 3 3 3 3
"604" 10 12 3 3 3 3
"605" 11 12 4 3 2 2
"606" 12 12 NA NA NA NA
"607" 13 12 3 3 4 3
"608" 14 12 3 3 3 3
"609" 15 12 3 3 2 2
"610" 16 12 2 2 2 2
"611" 17 12 4 3 3 3
"612" 18 12 2 0 3 1
"613" 19 12 1 1 2 2
"614" 20 12 3 4 3 3
"615" 21 12 2 2 2 2
"616" 22 12 2 2 3 3
"617" 23 12 1 0 2 2
"618" 24 12 3 3 3 2
"619" 25 12 3 2 3 1
"620" 26 12 2 2 2 2
"621" 27 12 3 2 2 2
"622" 28 12 3 3 2 2
"623" 29 12 4 4 3 4
"624" 30 12 3 3 4 4
"625" 31 12 2 2 3 3
"626" 32 12 1 0 2 2
"627" 33 12 4 3 3 3
"628" 34 12 3 3 3 3
"629" 35 12 2 2 3 3
"630" 36 12 1 1 1 1
"631" 37 12 0 0 0 0
"632" 38 12 2 2 3 2
"633" 39 12 4 3 3 3
"634" 40 12 2 2 3 3
"635" 41 12 3 2 2 3
"636" 42 12 3 2 3 3
"637" 43 12 2 3 2 2
"638" 44 12 2 2 2 3
"639" 45 12 4 4 3 3
"640" 46 12 4 4 3 3
"641" 47 12 4 3 3 3
"642" 48 12 5 4 3 3
"643" 49 12 3 3 2 2
"644" 50 12 3 2 2 2
"645" 51 12 2 2 3 3
"646" 52 12 2 2 3 3
"647" 53 12 3 4 1 1
"648" 54 12 3 2 2 2
"649" 1 13 2 2 3 2
"650" 2 13 3 2 2 2
"651" 3 13 1 1 2 1
"652" 4 13 2 2 3 3
"653" 5 13 2 2 2 2
"654" 6 13 4 3 3 3
"655" 7 13 3 3 1 1
"656" 8 13 3 3 3 3
"657" 9 13 3 3 2 2
"658" 10 13 2 2 2 2
"659" 11 13 2 1 1 1
"660" 12 13 3 3 3 2
"661" 13 13 NA NA NA NA
"662" 14 13 4 4 3 2
"663" 15 13 3 2 2 1
"664" 16 13 2 2 2 2
"665" 17 13 4 4 3 2
"666" 18 13 4 5 3 3
"667" 19 13 2 2 2 2
"668" 20 13 4 4 3 3
"669" 21 13 2 2 2 2
"670" 22 13 3 3 4 4
"671" 23 13 0 0 1 0
"672" 24 13 3 3 3 3
"673" 25 13 2 2 2 2
"674" 26 13 4 3 4 4
"675" 27 13 5 5 3 3
"676" 28 13 2 4 3 2
"677" 29 13 3 2 2 2
"678" 30 13 1 1 2 2
"679" 31 13 3 3 3 3
"680" 32 13 3 0 2 1
"681" 33 13 3 3 3 3
"682" 34 13 3 3 2 2
"683" 35 13 3 3 3 3
"684" 36 13 4 3 3 2
"685" 37 13 0 0 0 0
"686" 38 13 2 2 3 3
"687" 39 13 3 3 3 3
"688" 40 13 3 3 3 4
"689" 41 13 4 3 3 3
"690" 42 13 2 2 2 2
"691" 43 13 3 4 3 3
"692" 44 13 3 2 2 2
"693" 45 13 3 4 3 1
"694" 46 13 4 4 3 3
"695" 47 13 3 2 3 2
"696" 48 13 3 3 3 3
"697" 49 13 3 3 3 3
"698" 50 13 3 2 3 3
"699" 51 13 3 2 2 2
"700" 52 13 3 2 3 3
"701" 53 13 4 4 2 2
"702" 54 13 4 4 3 3
"703" 1 14 3 3 3 3
"704" 2 14 3 3 3 2
"705" 3 14 4 3 5 3
"706" 4 14 3 3 3 3
"707" 5 14 4 3 1 1
"708" 6 14 5 5 4 3
"709" 7 14 4 4 4 4
"710" 8 14 5 5 3 3
"711" 9 14 5 5 4 4
"712" 10 14 3 3 3 2
"713" 11 14 3 3 2 2
"714" 12 14 5 4 4 3
"715" 13 14 5 4 5 5
"716" 14 14 NA NA NA NA
"717" 15 14 4 3 3 3
"718" 16 14 1 1 1 1
"719" 17 14 3 3 2 3
"720" 18 14 4 4 4 3
"721" 19 14 2 2 2 2
"722" 20 14 4 4 4 4
"723" 21 14 2 2 3 2
"724" 22 14 4 4 4 4
"725" 23 14 5 5 5 4
"726" 24 14 3 2 2 3
"727" 25 14 3 3 3 2
"728" 26 14 4 3 3 3
"729" 27 14 4 4 3 3
"730" 28 14 5 4 4 4
"731" 29 14 3 2 1 1
"732" 30 14 4 4 4 4
"733" 31 14 5 5 4 4
"734" 32 14 3 3 3 3
"735" 33 14 4 3 3 3
"736" 34 14 4 4 4 4
"737" 35 14 4 4 4 4
"738" 36 14 2 1 2 1
"739" 37 14 4 3 3 2
"740" 38 14 3 3 3 3
"741" 39 14 4 3 3 3
"742" 40 14 4 4 4 4
"743" 41 14 3 3 3 3
"744" 42 14 3 2 3 2
"745" 43 14 3 3 3 3
"746" 44 14 3 3 4 4
"747" 45 14 4 4 3 3
"748" 46 14 3 3 3 2
"749" 47 14 4 3 3 3
"750" 48 14 4 4 3 3
"751" 49 14 4 3 3 3
"752" 50 14 3 3 3 2
"753" 51 14 3 1 3 3
"754" 52 14 4 3 3 3
"755" 53 14 5 5 3 2
"756" 54 14 4 3 3 3
"757" 1 15 2 3 3 2
"758" 2 15 4 4 2 2
"759" 3 15 2 2 2 2
"760" 4 15 2 2 3 3
"761" 5 15 3 2 1 1
"762" 6 15 4 5 4 4
"763" 7 15 3 3 0 3
"764" 8 15 3 3 3 3
"765" 9 15 1 1 2 1
"766" 10 15 3 4 3 3
"767" 11 15 3 3 2 3
"768" 12 15 4 4 4 3
"769" 13 15 3 3 4 3
"770" 14 15 4 4 3 3
"771" 15 15 NA NA NA NA
"772" 16 15 4 4 4 4
"773" 17 15 3 4 3 3
"774" 18 15 3 2 2 3
"775" 19 15 2 2 2 2
"776" 20 15 4 4 4 3
"777" 21 15 3 3 3 3
"778" 22 15 3 2 3 3
"779" 23 15 0 0 2 2
"780" 24 15 4 5 3 3
"781" 25 15 1 1 2 1
"782" 26 15 3 3 3 3
"783" 27 15 4 3 3 3
"784" 28 15 5 5 4 4
"785" 29 15 3 3 1 2
"786" 30 15 2 2 3 3
"787" 31 15 3 3 3 3
"788" 32 15 4 4 3 2
"789" 33 15 3 3 3 3
"790" 34 15 3 3 2 2
"791" 35 15 1 1 2 2
"792" 36 15 3 1 2 1
"793" 37 15 0 1 1 1
"794" 38 15 2 2 2 1
"795" 39 15 3 3 3 3
"796" 40 15 3 3 3 4
"797" 41 15 3 3 3 3
"798" 42 15 2 0 2 1
"799" 43 15 3 3 3 3
"800" 44 15 2 2 2 2
"801" 45 15 3 3 3 3
"802" 46 15 2 2 2 2
"803" 47 15 3 2 3 3
"804" 48 15 2 2 2 2
"805" 49 15 3 3 3 3
"806" 50 15 2 2 2 3
"807" 51 15 2 1 3 2
"808" 52 15 1 1 1 2
"809" 53 15 3 2 1 0
"810" 54 15 3 3 3 3
"811" 1 16 3 3 2 2
"812" 2 16 3 3 3 3
"813" 3 16 4 3 3 3
"814" 4 16 3 2 3 3
"815" 5 16 4 3 3 1
"816" 6 16 5 4 4 4
"817" 7 16 5 5 4 5
"818" 8 16 4 4 3 3
"819" 9 16 4 5 3 4
"820" 10 16 3 3 2 2
"821" 11 16 3 2 2 3
"822" 12 16 3 3 4 3
"823" 13 16 5 4 4 4
"824" 14 16 5 5 4 4
"825" 15 16 4 4 4 4
"826" 16 16 NA NA NA NA
"827" 17 16 4 4 3 3
"828" 18 16 5 5 4 3
"829" 19 16 3 3 2 2
"830" 20 16 4 4 4 3
"831" 21 16 2 2 1 1
"832" 22 16 4 3 3 3
"833" 23 16 2 2 2 1
"834" 24 16 4 3 4 3
"835" 25 16 4 3 3 3
"836" 26 16 2 2 3 3
"837" 27 16 3 2 3 2
"838" 28 16 4 4 3 4
"839" 29 16 4 4 3 2
"840" 30 16 4 3 3 3
"841" 31 16 4 4 4 4
"842" 32 16 4 2 2 1
"843" 33 16 3 3 3 3
"844" 34 16 2 2 2 2
"845" 35 16 2 3 3 3
"846" 36 16 0 0 1 0
"847" 37 16 0 0 0 0
"848" 38 16 3 3 3 2
"849" 39 16 4 4 4 4
"850" 40 16 1 1 3 3
"851" 41 16 4 3 3 3
"852" 42 16 3 2 2 2
"853" 43 16 3 3 3 3
"854" 44 16 1 1 2 1
"855" 45 16 4 4 3 3
"856" 46 16 4 3 3 2
"857" 47 16 4 3 3 3
"858" 48 16 4 4 3 3
"859" 49 16 3 3 3 3
"860" 50 16 4 4 3 2
"861" 51 16 2 2 2 2
"862" 52 16 3 1 3 3
"863" 53 16 3 2 1 1
"864" 54 16 4 4 3 3
"865" 1 17 2 2 2 2
"866" 2 17 2 2 2 2
"867" 3 17 0 0 2 2
"868" 4 17 2 3 3 3
"869" 5 17 3 1 1 1
"870" 6 17 4 3 3 3
"871" 7 17 3 3 3 3
"872" 8 17 2 2 3 3
"873" 9 17 2 3 3 2
"874" 10 17 1 1 2 2
"875" 11 17 2 2 3 2
"876" 12 17 5 4 4 4
"877" 13 17 3 3 4 3
"878" 14 17 3 2 3 2
"879" 15 17 4 3 2 2
"880" 16 17 5 5 5 5
"881" 17 17 NA NA NA NA
"882" 18 17 3 2 2 4
"883" 19 17 2 2 2 2
"884" 20 17 4 4 4 3
"885" 21 17 2 2 2 2
"886" 22 17 2 2 3 3
"887" 23 17 2 2 3 4
"888" 24 17 2 2 3 2
"889" 25 17 1 1 1 1
"890" 26 17 2 1 2 2
"891" 27 17 3 2 3 2
"892" 28 17 2 2 1 1
"893" 29 17 3 3 3 3
"894" 30 17 3 2 3 3
"895" 31 17 3 3 3 3
"896" 32 17 1 0 1 0
"897" 33 17 3 3 3 3
"898" 34 17 1 1 1 1
"899" 35 17 1 2 3 3
"900" 36 17 1 0 1 0
"901" 37 17 0 0 0 0
"902" 38 17 2 2 2 2
"903" 39 17 2 2 2 2
"904" 40 17 2 2 3 3
"905" 41 17 3 3 3 3
"906" 42 17 3 2 2 2
"907" 43 17 3 3 3 3
"908" 44 17 3 2 3 3
"909" 45 17 4 5 3 3
"910" 46 17 3 2 2 2
"911" 47 17 3 3 2 2
"912" 48 17 2 2 2 2
"913" 49 17 2 2 3 2
"914" 50 17 2 2 1 1
"915" 51 17 2 1 2 2
"916" 52 17 2 2 2 2
"917" 53 17 4 4 2 2
"918" 54 17 3 3 3 3
"919" 1 18 3 3 3 3
"920" 2 18 3 3 3 3
"921" 3 18 3 2 3 3
"922" 4 18 4 4 3 3
"923" 5 18 4 3 1 1
"924" 6 18 4 4 4 4
"925" 7 18 4 3 3 3
"926" 8 18 4 4 3 3
"927" 9 18 3 3 4 4
"928" 10 18 4 3 3 2
"929" 11 18 4 3 3 3
"930" 12 18 4 3 3 3
"931" 13 18 3 3 4 3
"932" 14 18 3 3 2 2
"933" 15 18 3 2 2 2
"934" 16 18 5 5 5 5
"935" 17 18 4 4 3 3
"936" 18 18 NA NA NA NA
"937" 19 18 2 2 2 2
"938" 20 18 4 4 4 3
"939" 21 18 2 2 2 2
"940" 22 18 4 4 3 3
"941" 23 18 4 3 3 3
"942" 24 18 4 4 4 3
"943" 25 18 3 3 3 3
"944" 26 18 3 3 3 3
"945" 27 18 4 4 3 3
"946" 28 18 4 3 3 3
"947" 29 18 3 2 3 2
"948" 30 18 4 3 3 2
"949" 31 18 5 5 4 5
"950" 32 18 3 3 3 3
"951" 33 18 3 3 3 3
"952" 34 18 3 3 3 3
"953" 35 18 3 3 3 3
"954" 36 18 2 2 2 2
"955" 37 18 3 3 2 2
"956" 38 18 3 3 3 3
"957" 39 18 3 3 3 3
"958" 40 18 3 3 3 3
"959" 41 18 3 3 3 3
"960" 42 18 4 4 4 4
"961" 43 18 3 3 3 3
"962" 44 18 3 2 3 3
"963" 45 18 4 4 3 3
"964" 46 18 3 3 2 2
"965" 47 18 3 3 3 3
"966" 48 18 3 2 2 2
"967" 49 18 4 3 3 3
"968" 50 18 3 3 2 2
"969" 51 18 2 1 2 2
"970" 52 18 4 4 3 3
"971" 53 18 5 4 2 2
"972" 54 18 3 3 3 3
"973" 1 19 2 2 2 2
"974" 2 19 3 3 3 3
"975" 3 19 2 2 3 2
"976" 4 19 4 3 3 4
"977" 5 19 4 4 3 3
"978" 6 19 5 4 3 4
"979" 7 19 3 3 2 1
"980" 8 19 3 3 3 3
"981" 9 19 2 2 2 2
"982" 10 19 2 2 3 3
"983" 11 19 1 1 1 1
"984" 12 19 2 3 2 3
"985" 13 19 4 3 4 4
"986" 14 19 3 3 3 3
"987" 15 19 2 2 1 1
"988" 16 19 2 2 2 2
"989" 17 19 3 3 2 2
"990" 18 19 3 4 3 3
"991" 19 19 NA NA NA NA
"992" 20 19 4 4 3 3
"993" 21 19 2 2 2 2
"994" 22 19 3 3 4 3
"995" 23 19 3 3 4 4
"996" 24 19 3 2 3 2
"997" 25 19 2 1 3 1
"998" 26 19 3 4 3 3
"999" 27 19 3 2 2 2
"1000" 28 19 3 3 3 3
"1001" 29 19 3 3 3 2
"1002" 30 19 1 1 3 3
"1003" 31 19 0 5 2 3
"1004" 32 19 2 1 3 1
"1005" 33 19 3 3 3 3
"1006" 34 19 2 2 1 1
"1007" 35 19 2 1 3 3
"1008" 36 19 1 1 1 1
"1009" 37 19 1 1 1 0
"1010" 38 19 2 2 2 2
"1011" 39 19 3 3 3 3
"1012" 40 19 2 2 3 3
"1013" 41 19 3 3 3 3
"1014" 42 19 3 2 3 3
"1015" 43 19 3 3 3 3
"1016" 44 19 3 3 3 4
"1017" 45 19 3 3 3 3
"1018" 46 19 2 2 2 2
"1019" 47 19 3 2 2 3
"1020" 48 19 1 1 1 1
"1021" 49 19 2 1 2 2
"1022" 50 19 3 3 3 3
"1023" 51 19 3 2 3 3
"1024" 52 19 3 2 2 2
"1025" 53 19 5 5 2 2
"1026" 54 19 3 2 2 2
"1027" 1 20 3 3 3 3
"1028" 2 20 4 4 2 2
"1029" 3 20 3 2 3 4
"1030" 4 20 3 4 3 3
"1031" 5 20 4 4 3 3
"1032" 6 20 5 5 4 3
"1033" 7 20 4 4 2 1
"1034" 8 20 4 4 3 3
"1035" 9 20 4 5 3 3
"1036" 10 20 4 3 3 3
"1037" 11 20 3 3 3 3
"1038" 12 20 4 4 4 3
"1039" 13 20 4 4 4 4
"1040" 14 20 5 4 4 3
"1041" 15 20 3 2 2 2
"1042" 16 20 3 4 4 4
"1043" 17 20 4 3 3 3
"1044" 18 20 5 5 4 4
"1045" 19 20 3 3 2 2
"1046" 20 20 NA NA NA NA
"1047" 21 20 3 3 3 3
"1048" 22 20 4 3 3 3
"1049" 23 20 4 4 4 4
"1050" 24 20 4 4 3 2
"1051" 25 20 4 3 2 2
"1052" 26 20 4 4 4 4
"1053" 27 20 3 3 3 2
"1054" 28 20 4 4 4 4
"1055" 29 20 3 2 3 2
"1056" 30 20 5 5 4 4
"1057" 31 20 4 3 3 3
"1058" 32 20 2 2 2 1
"1059" 33 20 3 3 3 3
"1060" 34 20 3 4 3 3
"1061" 35 20 2 2 2 2
"1062" 36 20 2 1 2 2
"1063" 37 20 1 1 0 0
"1064" 38 20 3 3 3 3
"1065" 39 20 3 3 3 3
"1066" 40 20 4 4 3 3
"1067" 41 20 4 3 3 3
"1068" 42 20 4 3 3 3
"1069" 43 20 2 2 2 2
"1070" 44 20 4 4 3 4
"1071" 45 20 3 3 3 3
"1072" 46 20 3 3 2 3
"1073" 47 20 3 3 3 3
"1074" 48 20 1 1 1 1
"1075" 49 20 3 3 3 3
"1076" 50 20 4 3 3 3
"1077" 51 20 3 1 3 3
"1078" 52 20 3 3 3 3
"1079" 53 20 5 5 2 2
"1080" 54 20 4 4 3 3
"1081" 1 21 2 2 1 1
"1082" 2 21 4 4 3 2
"1083" 3 21 2 2 2 2
"1084" 4 21 3 3 3 3
"1085" 5 21 2 1 2 1
"1086" 6 21 4 4 3 3
"1087" 7 21 4 3 2 2
"1088" 8 21 3 3 3 3
"1089" 9 21 3 3 3 3
"1090" 10 21 2 2 3 2
"1091" 11 21 2 2 2 2
"1092" 12 21 4 3 3 3
"1093" 13 21 4 3 4 4
"1094" 14 21 4 4 3 3
"1095" 15 21 3 3 3 3
"1096" 16 21 2 2 2 2
"1097" 17 21 3 3 2 2
"1098" 18 21 4 4 4 3
"1099" 19 21 2 2 2 2
"1100" 20 21 4 3 3 3
"1101" 21 21 NA NA NA NA
"1102" 22 21 4 3 4 3
"1103" 23 21 3 3 3 3
"1104" 24 21 4 4 3 2
"1105" 25 21 2 2 2 1
"1106" 26 21 2 2 3 3
"1107" 27 21 4 4 3 3
"1108" 28 21 3 2 2 2
"1109" 29 21 4 2 4 2
"1110" 30 21 3 3 2 2
"1111" 31 21 3 4 3 4
"1112" 32 21 3 3 3 3
"1113" 33 21 3 2 3 3
"1114" 34 21 4 4 3 3
"1115" 35 21 4 4 4 3
"1116" 36 21 4 2 3 1
"1117" 37 21 2 2 2 2
"1118" 38 21 3 3 3 3
"1119" 39 21 4 3 3 3
"1120" 40 21 3 3 3 3
"1121" 41 21 3 3 3 3
"1122" 42 21 4 4 4 4
"1123" 43 21 0 0 0 0
"1124" 44 21 3 3 3 3
"1125" 45 21 4 4 3 3
"1126" 46 21 4 4 3 3
"1127" 47 21 4 3 3 2
"1128" 48 21 2 1 1 1
"1129" 49 21 3 2 3 2
"1130" 50 21 3 3 3 3
"1131" 51 21 3 3 3 3
"1132" 52 21 4 3 3 3
"1133" 53 21 2 2 1 0
"1134" 54 21 3 3 3 3
"1135" 1 22 2 3 3 3
"1136" 2 22 4 4 2 2
"1137" 3 22 3 3 2 2
"1138" 4 22 3 3 2 3
"1139" 5 22 3 2 2 2
"1140" 6 22 5 4 4 4
"1141" 7 22 3 3 3 3
"1142" 8 22 3 2 3 3
"1143" 9 22 3 3 3 2
"1144" 10 22 3 3 3 2
"1145" 11 22 3 3 3 2
"1146" 12 22 3 3 3 2
"1147" 13 22 5 4 4 3
"1148" 14 22 3 3 3 3
"1149" 15 22 4 3 3 3
"1150" 16 22 3 4 3 3
"1151" 17 22 4 4 3 3
"1152" 18 22 3 3 2 1
"1153" 19 22 3 3 2 2
"1154" 20 22 4 4 3 3
"1155" 21 22 4 4 3 2
"1156" 22 22 NA NA NA NA
"1157" 23 22 4 3 2 1
"1158" 24 22 2 1 3 2
"1159" 25 22 3 3 3 2
"1160" 26 22 4 4 3 3
"1161" 27 22 3 2 2 1
"1162" 28 22 5 5 5 5
"1163" 29 22 4 3 3 3
"1164" 30 22 4 5 4 4
"1165" 31 22 3 3 3 2
"1166" 32 22 3 3 2 2
"1167" 33 22 3 3 3 3
"1168" 34 22 4 4 3 3
"1169" 35 22 3 3 3 3
"1170" 36 22 2 1 1 0
"1171" 37 22 3 3 2 2
"1172" 38 22 3 3 3 3
"1173" 39 22 3 3 2 2
"1174" 40 22 3 3 3 3
"1175" 41 22 3 3 3 3
"1176" 42 22 4 3 3 3
"1177" 43 22 2 2 2 2
"1178" 44 22 2 3 3 4
"1179" 45 22 3 2 2 2
"1180" 46 22 4 4 3 3
"1181" 47 22 3 3 3 3
"1182" 48 22 2 2 2 2
"1183" 49 22 3 2 2 3
"1184" 50 22 4 3 3 3
"1185" 51 22 3 2 3 2
"1186" 52 22 4 3 3 3
"1187" 53 22 3 3 2 2
"1188" 54 22 4 3 3 3
"1189" 1 23 3 3 3 3
"1190" 2 23 3 2 3 2
"1191" 3 23 3 3 3 3
"1192" 4 23 2 2 2 2
"1193" 5 23 3 2 3 1
"1194" 6 23 4 4 3 3
"1195" 7 23 3 3 3 3
"1196" 8 23 2 2 3 3
"1197" 9 23 3 2 3 3
"1198" 10 23 2 2 3 2
"1199" 11 23 1 1 1 1
"1200" 12 23 3 2 3 2
"1201" 13 23 4 4 4 3
"1202" 14 23 4 4 3 3
"1203" 15 23 2 1 1 1
"1204" 16 23 1 1 1 1
"1205" 17 23 3 3 3 2
"1206" 18 23 3 2 1 2
"1207" 19 23 2 2 2 2
"1208" 20 23 4 4 3 3
"1209" 21 23 3 3 3 3
"1210" 22 23 4 3 4 3
"1211" 23 23 NA NA NA NA
"1212" 24 23 3 3 3 2
"1213" 25 23 3 3 2 2
"1214" 26 23 2 2 3 3
"1215" 27 23 4 3 3 2
"1216" 28 23 3 3 2 3
"1217" 29 23 3 3 3 3
"1218" 30 23 2 2 3 3
"1219" 31 23 2 2 3 3
"1220" 32 23 2 1 2 2
"1221" 33 23 3 3 3 3
"1222" 34 23 3 3 3 3
"1223" 35 23 2 2 3 3
"1224" 36 23 2 1 2 1
"1225" 37 23 1 0 0 0
"1226" 38 23 2 2 2 2
"1227" 39 23 3 3 3 3
"1228" 40 23 3 3 3 3
"1229" 41 23 3 3 3 3
"1230" 42 23 2 1 2 1
"1231" 43 23 3 3 3 3
"1232" 44 23 1 1 2 3
"1233" 45 23 3 2 3 2
"1234" 46 23 3 3 3 3
"1235" 47 23 3 2 3 3
"1236" 48 23 2 2 2 2
"1237" 49 23 2 2 2 2
"1238" 50 23 2 2 2 1
"1239" 51 23 3 1 2 2
"1240" 52 23 2 2 2 2
"1241" 53 23 4 4 2 2
"1242" 54 23 3 3 2 2
"1243" 1 24 3 2 2 2
"1244" 2 24 4 4 2 2
"1245" 3 24 2 2 3 3
"1246" 4 24 2 3 3 2
"1247" 5 24 4 3 2 2
"1248" 6 24 3 4 3 3
"1249" 7 24 3 3 3 3
"1250" 8 24 3 3 3 3
"1251" 9 24 3 2 2 1
"1252" 10 24 2 3 3 3
"1253" 11 24 2 2 2 2
"1254" 12 24 3 3 4 3
"1255" 13 24 4 3 4 4
"1256" 14 24 3 3 3 3
"1257" 15 24 3 2 2 2
"1258" 16 24 1 1 1 1
"1259" 17 24 3 3 2 2
"1260" 18 24 1 0 2 2
"1261" 19 24 2 2 2 2
"1262" 20 24 3 3 3 3
"1263" 21 24 2 2 2 2
"1264" 22 24 3 3 3 3
"1265" 23 24 3 3 4 4
"1266" 24 24 NA NA NA NA
"1267" 25 24 2 3 3 3
"1268" 26 24 3 4 4 4
"1269" 27 24 4 3 3 2
"1270" 28 24 3 3 3 3
"1271" 29 24 2 2 2 2
"1272" 30 24 2 1 3 3
"1273" 31 24 1 1 2 1
"1274" 32 24 1 0 1 0
"1275" 33 24 3 3 3 3
"1276" 34 24 2 2 3 2
"1277" 35 24 1 1 3 3
"1278" 36 24 3 1 2 1
"1279" 37 24 2 1 1 1
"1280" 38 24 2 2 2 2
"1281" 39 24 3 2 2 2
"1282" 40 24 3 3 3 3
"1283" 41 24 3 2 2 2
"1284" 42 24 1 1 1 1
"1285" 43 24 3 3 3 3
"1286" 44 24 2 3 3 3
"1287" 45 24 3 2 3 3
"1288" 46 24 3 2 2 2
"1289" 47 24 2 2 2 2
"1290" 48 24 2 2 2 2
"1291" 49 24 2 2 2 2
"1292" 50 24 2 0 1 2
"1293" 51 24 2 1 2 2
"1294" 52 24 2 1 3 3
"1295" 53 24 3 3 1 1
"1296" 54 24 3 2 2 2
"1297" 1 25 3 3 3 3
"1298" 2 25 3 3 3 3
"1299" 3 25 1 1 3 3
"1300" 4 25 3 4 3 4
"1301" 5 25 3 3 3 2
"1302" 6 25 3 4 3 3
"1303" 7 25 3 3 2 1
"1304" 8 25 3 3 3 3
"1305" 9 25 3 2 2 2
"1306" 10 25 4 4 3 4
"1307" 11 25 2 2 2 3
"1308" 12 25 4 3 3 3
"1309" 13 25 3 3 4 3
"1310" 14 25 4 2 3 2
"1311" 15 25 3 3 2 2
"1312" 16 25 3 3 3 3
"1313" 17 25 4 3 3 3
"1314" 18 25 4 3 2 3
"1315" 19 25 3 3 2 2
"1316" 20 25 4 4 3 3
"1317" 21 25 2 2 3 3
"1318" 22 25 4 4 4 3
"1319" 23 25 4 3 4 3
"1320" 24 25 4 4 3 2
"1321" 25 25 NA NA NA NA
"1322" 26 25 2 2 2 2
"1323" 27 25 4 3 3 3
"1324" 28 25 4 4 3 4
"1325" 29 25 3 3 3 3
"1326" 30 25 2 2 3 2
"1327" 31 25 3 4 3 4
"1328" 32 25 3 1 2 2
"1329" 33 25 3 3 3 3
"1330" 34 25 3 4 3 3
"1331" 35 25 3 3 3 3
"1332" 36 25 2 0 2 1
"1333" 37 25 2 2 1 1
"1334" 38 25 3 3 3 3
"1335" 39 25 3 3 3 3
"1336" 40 25 3 3 3 3
"1337" 41 25 4 3 3 3
"1338" 42 25 3 2 2 2
"1339" 43 25 3 3 3 3
"1340" 44 25 2 2 3 2
"1341" 45 25 3 2 3 3
"1342" 46 25 3 3 2 2
"1343" 47 25 3 2 3 2
"1344" 48 25 3 2 3 2
"1345" 49 25 3 3 3 3
"1346" 50 25 3 3 3 3
"1347" 51 25 3 2 3 2
"1348" 52 25 3 1 3 2
"1349" 53 25 5 4 2 2
"1350" 54 25 4 3 3 3
"1351" 1 26 3 2 3 2
"1352" 2 26 4 3 3 3
"1353" 3 26 2 2 2 2
"1354" 4 26 3 2 3 2
"1355" 5 26 4 3 3 2
"1356" 6 26 4 4 3 3
"1357" 7 26 3 3 2 2
"1358" 8 26 3 3 3 3
"1359" 9 26 3 3 3 3
"1360" 10 26 3 2 3 3
"1361" 11 26 1 1 1 1
"1362" 12 26 3 3 3 3
"1363" 13 26 5 4 5 4
"1364" 14 26 3 3 3 3
"1365" 15 26 4 3 3 3
"1366" 16 26 2 2 2 2
"1367" 17 26 3 3 3 3
"1368" 18 26 2 1 3 3
"1369" 19 26 2 2 2 2
"1370" 20 26 4 3 3 3
"1371" 21 26 2 2 3 2
"1372" 22 26 2 2 3 3
"1373" 23 26 4 3 2 2
"1374" 24 26 4 4 3 4
"1375" 25 26 1 0 3 2
"1376" 26 26 NA NA NA NA
"1377" 27 26 3 2 2 2
"1378" 28 26 4 3 3 3
"1379" 29 26 4 3 2 3
"1380" 30 26 1 1 3 2
"1381" 31 26 2 2 2 2
"1382" 32 26 2 2 2 2
"1383" 33 26 3 3 3 3
"1384" 34 26 3 3 3 3
"1385" 35 26 1 1 2 2
"1386" 36 26 2 1 2 1
"1387" 37 26 2 2 2 2
"1388" 38 26 3 3 3 3
"1389" 39 26 2 2 2 2
"1390" 40 26 3 3 3 3
"1391" 41 26 3 3 3 3
"1392" 42 26 4 3 3 3
"1393" 43 26 3 3 3 3
"1394" 44 26 4 4 4 3
"1395" 45 26 3 3 3 3
"1396" 46 26 4 4 3 3
"1397" 47 26 2 2 3 3
"1398" 48 26 3 2 2 2
"1399" 49 26 2 2 2 2
"1400" 50 26 4 4 3 2
"1401" 51 26 3 2 3 3
"1402" 52 26 3 1 3 3
"1403" 53 26 5 4 2 2
"1404" 54 26 3 3 3 3
"1405" 1 27 3 3 3 3
"1406" 2 27 4 4 3 3
"1407" 3 27 3 3 3 3
"1408" 4 27 3 3 3 3
"1409" 5 27 4 3 3 2
"1410" 6 27 5 4 4 3
"1411" 7 27 3 3 3 3
"1412" 8 27 4 4 3 3
"1413" 9 27 4 4 4 4
"1414" 10 27 3 3 3 3
"1415" 11 27 3 3 3 3
"1416" 12 27 4 3 4 3
"1417" 13 27 4 3 4 3
"1418" 14 27 3 3 3 3
"1419" 15 27 4 3 3 3
"1420" 16 27 5 5 5 5
"1421" 17 27 4 3 3 3
"1422" 18 27 4 5 3 4
"1423" 19 27 3 3 2 2
"1424" 20 27 4 4 3 3
"1425" 21 27 3 3 3 3
"1426" 22 27 2 2 3 2
"1427" 23 27 3 3 0 0
"1428" 24 27 4 4 3 2
"1429" 25 27 4 3 3 3
"1430" 26 27 3 3 4 4
"1431" 27 27 NA NA NA NA
"1432" 28 27 4 4 3 4
"1433" 29 27 5 4 4 3
"1434" 30 27 3 4 3 3
"1435" 31 27 4 5 4 4
"1436" 32 27 3 2 2 1
"1437" 33 27 3 3 3 3
"1438" 34 27 3 3 3 3
"1439" 35 27 3 3 3 3
"1440" 36 27 2 1 2 1
"1441" 37 27 1 0 0 0
"1442" 38 27 4 4 4 4
"1443" 39 27 5 5 5 5
"1444" 40 27 3 3 3 3
"1445" 41 27 4 3 3 3
"1446" 42 27 3 2 3 2
"1447" 43 27 2 3 3 3
"1448" 44 27 2 3 3 3
"1449" 45 27 4 4 3 3
"1450" 46 27 4 4 3 3
"1451" 47 27 3 3 3 3
"1452" 48 27 3 2 3 2
"1453" 49 27 3 3 2 2
"1454" 50 27 4 4 3 3
"1455" 51 27 3 2 3 2
"1456" 52 27 4 2 3 2
"1457" 53 27 4 3 1 1
"1458" 54 27 4 4 3 3
"1459" 1 28 3 3 2 1
"1460" 2 28 3 2 2 2
"1461" 3 28 2 1 1 1
"1462" 4 28 3 2 3 2
"1463" 5 28 4 3 3 2
"1464" 6 28 5 4 3 3
"1465" 7 28 4 4 3 3
"1466" 8 28 4 4 3 3
"1467" 9 28 3 3 3 3
"1468" 10 28 4 3 3 2
"1469" 11 28 3 4 3 3
"1470" 12 28 4 4 3 3
"1471" 13 28 5 5 4 4
"1472" 14 28 5 5 3 3
"1473" 15 28 4 3 3 2
"1474" 16 28 3 2 3 2
"1475" 17 28 3 3 3 3
"1476" 18 28 4 3 3 3
"1477" 19 28 2 3 2 2
"1478" 20 28 4 4 3 3
"1479" 21 28 4 4 3 2
"1480" 22 28 4 4 4 4
"1481" 23 28 2 2 1 1
"1482" 24 28 3 2 3 2
"1483" 25 28 3 2 2 1
"1484" 26 28 5 5 3 3
"1485" 27 28 4 4 4 3
"1486" 28 28 NA NA NA NA
"1487" 29 28 4 4 4 3
"1488" 30 28 4 4 3 4
"1489" 31 28 0 0 1 0
"1490" 32 28 4 4 3 2
"1491" 33 28 4 4 3 3
"1492" 34 28 4 4 3 3
"1493" 35 28 4 4 3 3
"1494" 36 28 4 3 3 3
"1495" 37 28 4 4 3 3
"1496" 38 28 2 2 2 2
"1497" 39 28 4 3 2 2
"1498" 40 28 4 4 4 4
"1499" 41 28 3 3 3 3
"1500" 42 28 3 1 2 2
"1501" 43 28 3 3 3 3
"1502" 44 28 4 3 3 3
"1503" 45 28 3 3 2 2
"1504" 46 28 5 5 3 3
"1505" 47 28 3 3 3 3
"1506" 48 28 3 3 3 3
"1507" 49 28 3 2 2 2
"1508" 50 28 4 4 3 3
"1509" 51 28 4 3 4 3
"1510" 52 28 4 4 4 4
"1511" 53 28 4 4 1 0
"1512" 54 28 3 2 2 2
"1513" 1 29 3 3 2 2
"1514" 2 29 4 4 3 3
"1515" 3 29 3 3 3 3
"1516" 4 29 3 2 3 2
"1517" 5 29 3 2 2 1
"1518" 6 29 4 4 4 3
"1519" 7 29 5 5 4 4
"1520" 8 29 4 4 3 3
"1521" 9 29 3 3 3 3
"1522" 10 29 3 3 3 3
"1523" 11 29 3 3 3 3
"1524" 12 29 4 4 4 4
"1525" 13 29 5 4 4 4
"1526" 14 29 4 4 3 3
"1527" 15 29 4 3 3 2
"1528" 16 29 4 4 4 4
"1529" 17 29 4 3 3 3
"1530" 18 29 5 4 4 3
"1531" 19 29 3 3 2 2
"1532" 20 29 4 4 3 3
"1533" 21 29 3 2 2 2
"1534" 22 29 3 3 3 3
"1535" 23 29 4 4 3 3
"1536" 24 29 5 5 3 2
"1537" 25 29 3 3 2 1
"1538" 26 29 4 4 3 3
"1539" 27 29 4 4 3 3
"1540" 28 29 4 4 4 4
"1541" 29 29 NA NA NA NA
"1542" 30 29 4 3 3 2
"1543" 31 29 4 4 4 4
"1544" 32 29 4 3 3 3
"1545" 33 29 2 2 3 3
"1546" 34 29 3 3 3 3
"1547" 35 29 3 3 3 3
"1548" 36 29 3 2 3 1
"1549" 37 29 4 4 3 2
"1550" 38 29 3 3 3 3
"1551" 39 29 3 3 3 3
"1552" 40 29 4 4 4 4
"1553" 41 29 3 3 3 3
"1554" 42 29 3 1 1 1
"1555" 43 29 3 3 3 3
"1556" 44 29 4 4 3 4
"1557" 45 29 3 3 3 3
"1558" 46 29 4 4 3 3
"1559" 47 29 4 3 3 3
"1560" 48 29 3 3 3 3
"1561" 49 29 3 3 3 3
"1562" 50 29 4 3 3 3
"1563" 51 29 3 3 3 3
"1564" 52 29 4 3 3 3
"1565" 53 29 4 3 1 1
"1566" 54 29 4 4 3 3
"1567" 1 30 2 3 2 3
"1568" 2 30 4 3 2 2
"1569" 3 30 2 2 4 4
"1570" 4 30 3 4 3 4
"1571" 5 30 3 2 2 1
"1572" 6 30 4 4 4 4
"1573" 7 30 3 3 3 2
"1574" 8 30 3 3 3 3
"1575" 9 30 5 5 4 5
"1576" 10 30 2 2 2 2
"1577" 11 30 4 3 3 3
"1578" 12 30 4 4 4 3
"1579" 13 30 4 3 4 3
"1580" 14 30 4 4 3 2
"1581" 15 30 3 2 2 2
"1582" 16 30 3 1 3 1
"1583" 17 30 4 4 3 3
"1584" 18 30 4 3 2 0
"1585" 19 30 2 3 2 2
"1586" 20 30 4 4 3 3
"1587" 21 30 3 2 3 2
"1588" 22 30 2 2 3 3
"1589" 23 30 1 1 2 2
"1590" 24 30 3 2 2 2
"1591" 25 30 3 3 3 2
"1592" 26 30 2 2 2 3
"1593" 27 30 3 3 3 2
"1594" 28 30 4 4 4 4
"1595" 29 30 4 4 3 3
"1596" 30 30 NA NA NA NA
"1597" 31 30 4 3 4 4
"1598" 32 30 4 3 3 3
"1599" 33 30 3 3 3 3
"1600" 34 30 4 4 4 4
"1601" 35 30 2 2 3 3
"1602" 36 30 3 3 3 2
"1603" 37 30 4 4 4 4
"1604" 38 30 3 3 3 3
"1605" 39 30 3 3 3 3
"1606" 40 30 3 3 3 3
"1607" 41 30 3 3 3 3
"1608" 42 30 2 1 2 2
"1609" 43 30 3 3 3 3
"1610" 44 30 3 3 3 3
"1611" 45 30 3 3 3 3
"1612" 46 30 4 4 3 3
"1613" 47 30 3 3 3 3
"1614" 48 30 3 2 2 2
"1615" 49 30 3 3 3 3
"1616" 50 30 3 2 2 1
"1617" 51 30 3 1 3 2
"1618" 52 30 3 2 3 2
"1619" 53 30 4 4 2 2
"1620" 54 30 3 3 2 2
"1621" 1 31 2 2 2 2
"1622" 2 31 4 3 3 3
"1623" 3 31 4 3 4 4
"1624" 4 31 2 3 2 1
"1625" 5 31 3 2 2 1
"1626" 6 31 5 4 4 3
"1627" 7 31 3 3 3 3
"1628" 8 31 4 4 3 3
"1629" 9 31 1 2 1 0
"1630" 10 31 4 3 3 3
"1631" 11 31 2 2 2 2
"1632" 12 31 3 2 2 3
"1633" 13 31 4 3 4 3
"1634" 14 31 3 2 3 2
"1635" 15 31 3 3 2 2
"1636" 16 31 3 3 3 2
"1637" 17 31 4 4 3 3
"1638" 18 31 3 2 1 2
"1639" 19 31 2 2 2 2
"1640" 20 31 4 3 3 3
"1641" 21 31 3 2 3 2
"1642" 22 31 4 4 4 4
"1643" 23 31 2 4 3 4
"1644" 24 31 5 4 3 2
"1645" 25 31 2 2 3 2
"1646" 26 31 3 3 3 3
"1647" 27 31 4 3 3 3
"1648" 28 31 3 3 2 2
"1649" 29 31 5 4 4 3
"1650" 30 31 4 3 4 4
"1651" 31 31 NA NA NA NA
"1652" 32 31 4 3 4 3
"1653" 33 31 3 3 3 3
"1654" 34 31 3 3 3 3
"1655" 35 31 2 2 3 3
"1656" 36 31 1 0 1 1
"1657" 37 31 0 0 0 0
"1658" 38 31 4 4 3 3
"1659" 39 31 4 3 3 3
"1660" 40 31 4 4 4 4
"1661" 41 31 3 3 3 3
"1662" 42 31 4 3 3 3
"1663" 43 31 2 2 2 2
"1664" 44 31 4 3 3 3
"1665" 45 31 5 5 3 3
"1666" 46 31 4 4 3 3
"1667" 47 31 3 3 3 3
"1668" 48 31 2 1 2 2
"1669" 49 31 3 3 3 3
"1670" 50 31 5 4 4 3
"1671" 51 31 2 2 2 2
"1672" 52 31 4 3 3 3
"1673" 53 31 2 2 2 1
"1674" 54 31 4 4 3 3
"1675" 1 32 3 2 2 3
"1676" 2 32 4 3 3 3
"1677" 3 32 2 1 3 2
"1678" 4 32 3 3 3 3
"1679" 5 32 4 4 3 2
"1680" 6 32 4 4 4 3
"1681" 7 32 3 3 3 3
"1682" 8 32 3 3 3 3
"1683" 9 32 3 3 3 4
"1684" 10 32 2 2 3 2
"1685" 11 32 3 2 2 2
"1686" 12 32 3 2 3 2
"1687" 13 32 3 3 3 3
"1688" 14 32 3 3 3 2
"1689" 15 32 3 3 3 3
"1690" 16 32 3 4 3 4
"1691" 17 32 4 3 3 3
"1692" 18 32 3 3 2 3
"1693" 19 32 2 2 2 2
"1694" 20 32 3 3 3 3
"1695" 21 32 3 3 3 3
"1696" 22 32 4 4 4 4
"1697" 23 32 2 1 3 3
"1698" 24 32 3 1 3 2
"1699" 25 32 2 2 3 2
"1700" 26 32 3 3 3 3
"1701" 27 32 3 3 3 2
"1702" 28 32 4 4 3 3
"1703" 29 32 3 3 3 3
"1704" 30 32 2 2 3 3
"1705" 31 32 4 3 3 4
"1706" 32 32 NA NA NA NA
"1707" 33 32 4 4 3 3
"1708" 34 32 4 4 3 3
"1709" 35 32 3 3 3 3
"1710" 36 32 3 3 2 1
"1711" 37 32 2 2 2 2
"1712" 38 32 4 4 4 4
"1713" 39 32 3 3 3 3
"1714" 40 32 3 3 3 3
"1715" 41 32 4 3 3 3
"1716" 42 32 3 2 2 2
"1717" 43 32 3 3 3 3
"1718" 44 32 4 4 4 3
"1719" 45 32 4 4 3 3
"1720" 46 32 3 3 2 2
"1721" 47 32 3 2 3 2
"1722" 48 32 3 3 3 3
"1723" 49 32 3 2 2 2
"1724" 50 32 4 3 3 3
"1725" 51 32 3 2 3 2
"1726" 52 32 3 2 2 2
"1727" 53 32 4 3 2 1
"1728" 54 32 3 3 3 3
"1729" 1 33 1 1 2 2
"1730" 2 33 4 3 3 2
"1731" 3 33 4 3 3 2
"1732" 4 33 4 4 3 4
"1733" 5 33 4 3 2 1
"1734" 6 33 3 4 3 3
"1735" 7 33 4 4 3 3
"1736" 8 33 4 4 3 3
"1737" 9 33 2 3 3 3
"1738" 10 33 2 1 2 2
"1739" 11 33 3 2 2 2
"1740" 12 33 3 3 3 2
"1741" 13 33 3 3 4 3
"1742" 14 33 3 2 3 3
"1743" 15 33 4 4 3 3
"1744" 16 33 2 2 2 2
"1745" 17 33 3 3 3 3
"1746" 18 33 2 2 1 0
"1747" 19 33 3 3 2 2
"1748" 20 33 3 4 3 3
"1749" 21 33 3 3 3 2
"1750" 22 33 3 4 3 3
"1751" 23 33 5 5 3 4
"1752" 24 33 4 3 3 2
"1753" 25 33 3 4 3 3
"1754" 26 33 3 4 3 3
"1755" 27 33 3 2 2 2
"1756" 28 33 3 3 2 3
"1757" 29 33 3 3 3 2
"1758" 30 33 2 2 3 3
"1759" 31 33 3 2 2 1
"1760" 32 33 3 2 2 2
"1761" 33 33 NA NA NA NA
"1762" 34 33 3 3 3 3
"1763" 35 33 4 4 4 4
"1764" 36 33 2 1 2 1
"1765" 37 33 1 1 1 1
"1766" 38 33 4 4 4 4
"1767" 39 33 3 3 3 3
"1768" 40 33 3 3 4 4
"1769" 41 33 3 3 3 3
"1770" 42 33 3 2 3 3
"1771" 43 33 2 2 3 3
"1772" 44 33 4 3 3 3
"1773" 45 33 4 4 3 3
"1774" 46 33 5 5 3 3
"1775" 47 33 4 3 3 3
"1776" 48 33 3 3 3 3
"1777" 49 33 2 2 2 2
"1778" 50 33 4 3 3 2
"1779" 51 33 4 3 3 3
"1780" 52 33 3 2 3 3
"1781" 53 33 4 3 2 2
"1782" 54 33 4 3 2 2
"1783" 1 34 3 4 3 4
"1784" 2 34 4 3 2 3
"1785" 3 34 4 4 3 3
"1786" 4 34 3 2 3 3
"1787" 5 34 2 1 1 1
"1788" 6 34 5 4 4 3
"1789" 7 34 4 3 3 3
"1790" 8 34 4 4 3 3
"1791" 9 34 4 3 4 4
"1792" 10 34 3 3 2 2
"1793" 11 34 4 4 3 3
"1794" 12 34 5 4 3 3
"1795" 13 34 4 3 3 3
"1796" 14 34 4 4 4 3
"1797" 15 34 4 4 3 3
"1798" 16 34 5 5 5 5
"1799" 17 34 4 4 3 3
"1800" 18 34 4 4 4 3
"1801" 19 34 2 2 2 2
"1802" 20 34 4 4 4 3
"1803" 21 34 3 3 3 2
"1804" 22 34 4 4 3 3
"1805" 23 34 4 3 4 2
"1806" 24 34 4 4 4 3
"1807" 25 34 3 4 3 3
"1808" 26 34 4 2 3 2
"1809" 27 34 3 2 2 2
"1810" 28 34 4 4 3 4
"1811" 29 34 3 3 3 3
"1812" 30 34 4 4 3 3
"1813" 31 34 4 3 3 3
"1814" 32 34 3 3 3 3
"1815" 33 34 3 3 3 3
"1816" 34 34 NA NA NA NA
"1817" 35 34 4 4 3 3
"1818" 36 34 2 2 2 1
"1819" 37 34 2 2 2 2
"1820" 38 34 3 3 3 3
"1821" 39 34 4 3 3 3
"1822" 40 34 4 4 4 4
"1823" 41 34 3 4 3 3
"1824" 42 34 4 3 3 3
"1825" 43 34 2 2 3 3
"1826" 44 34 3 4 3 3
"1827" 45 34 5 5 3 3
"1828" 46 34 5 5 3 3
"1829" 47 34 4 3 3 3
"1830" 48 34 3 3 3 3
"1831" 49 34 3 2 2 2
"1832" 50 34 4 4 3 3
"1833" 51 34 3 2 3 3
"1834" 52 34 4 3 3 3
"1835" 53 34 4 3 2 2
"1836" 54 34 4 4 3 3
"1837" 1 35 3 3 2 1
"1838" 2 35 4 3 3 3
"1839" 3 35 3 3 3 3
"1840" 4 35 3 4 4 4
"1841" 5 35 4 3 2 1
"1842" 6 35 4 4 3 3
"1843" 7 35 4 4 3 3
"1844" 8 35 3 3 3 3
"1845" 9 35 3 2 3 4
"1846" 10 35 1 2 2 1
"1847" 11 35 2 2 2 2
"1848" 12 35 3 2 3 2
"1849" 13 35 4 3 4 4
"1850" 14 35 3 2 3 3
"1851" 15 35 2 1 2 2
"1852" 16 35 2 2 2 2
"1853" 17 35 3 3 3 2
"1854" 18 35 4 4 3 4
"1855" 19 35 1 1 2 2
"1856" 20 35 3 4 3 3
"1857" 21 35 3 3 2 2
"1858" 22 35 3 2 3 3
"1859" 23 35 3 4 3 3
"1860" 24 35 2 1 3 3
"1861" 25 35 1 1 2 1
"1862" 26 35 2 2 2 1
"1863" 27 35 3 2 2 2
"1864" 28 35 4 4 3 3
"1865" 29 35 4 4 3 3
"1866" 30 35 4 4 3 2
"1867" 31 35 1 1 3 2
"1868" 32 35 2 2 1 1
"1869" 33 35 3 4 3 3
"1870" 34 35 3 3 3 3
"1871" 35 35 NA NA NA NA
"1872" 36 35 5 4 4 4
"1873" 37 35 5 5 5 5
"1874" 38 35 4 4 4 4
"1875" 39 35 4 3 3 3
"1876" 40 35 3 3 4 4
"1877" 41 35 3 3 3 3
"1878" 42 35 2 1 3 2
"1879" 43 35 3 3 3 3
"1880" 44 35 4 4 3 4
"1881" 45 35 3 3 3 3
"1882" 46 35 5 5 3 3
"1883" 47 35 3 2 3 2
"1884" 48 35 3 3 3 3
"1885" 49 35 3 2 2 2
"1886" 50 35 4 4 3 3
"1887" 51 35 3 3 3 3
"1888" 52 35 4 3 3 3
"1889" 53 35 3 3 1 1
"1890" 54 35 3 3 3 3
"1891" 1 36 3 2 2 2
"1892" 2 36 2 2 2 1
"1893" 3 36 2 1 1 1
"1894" 4 36 3 2 2 2
"1895" 5 36 4 4 3 3
"1896" 6 36 5 4 3 2
"1897" 7 36 3 3 3 3
"1898" 8 36 4 4 3 3
"1899" 9 36 3 3 4 4
"1900" 10 36 3 2 2 2
"1901" 11 36 2 1 1 1
"1902" 12 36 2 1 2 1
"1903" 13 36 4 3 3 3
"1904" 14 36 3 4 3 2
"1905" 15 36 2 1 1 1
"1906" 16 36 2 2 2 2
"1907" 17 36 4 3 3 3
"1908" 18 36 2 1 1 0
"1909" 19 36 2 2 2 2
"1910" 20 36 3 3 3 2
"1911" 21 36 2 3 2 2
"1912" 22 36 2 2 2 2
"1913" 23 36 2 4 3 5
"1914" 24 36 3 1 3 1
"1915" 25 36 1 0 2 1
"1916" 26 36 3 3 2 2
"1917" 27 36 2 1 1 1
"1918" 28 36 3 3 3 3
"1919" 29 36 4 3 3 3
"1920" 30 36 2 1 2 2
"1921" 31 36 2 1 1 1
"1922" 32 36 2 1 2 1
"1923" 33 36 4 3 3 3
"1924" 34 36 2 2 1 1
"1925" 35 36 4 4 3 3
"1926" 36 36 NA NA NA NA
"1927" 37 36 5 5 5 5
"1928" 38 36 2 2 2 2
"1929" 39 36 3 2 2 2
"1930" 40 36 2 2 3 3
"1931" 41 36 3 3 3 3
"1932" 42 36 2 1 2 1
"1933" 43 36 3 3 3 3
"1934" 44 36 4 3 2 2
"1935" 45 36 4 4 3 3
"1936" 46 36 3 3 2 2
"1937" 47 36 3 2 2 2
"1938" 48 36 2 2 2 2
"1939" 49 36 2 2 2 2
"1940" 50 36 2 2 1 1
"1941" 51 36 2 3 3 3
"1942" 52 36 3 3 3 3
"1943" 53 36 5 4 1 1
"1944" 54 36 3 2 2 2
"1945" 1 37 2 1 2 3
"1946" 2 37 3 2 2 2
"1947" 3 37 3 2 3 2
"1948" 4 37 2 2 2 1
"1949" 5 37 4 3 2 2
"1950" 6 37 5 4 3 3
"1951" 7 37 4 4 3 3
"1952" 8 37 3 3 3 3
"1953" 9 37 4 4 3 3
"1954" 10 37 3 2 2 2
"1955" 11 37 3 3 2 2
"1956" 12 37 3 2 3 2
"1957" 13 37 4 4 4 3
"1958" 14 37 4 4 3 3
"1959" 15 37 4 4 4 4
"1960" 16 37 2 2 3 3
"1961" 17 37 4 4 3 3
"1962" 18 37 5 4 3 2
"1963" 19 37 3 3 2 2
"1964" 20 37 4 4 3 3
"1965" 21 37 3 3 3 2
"1966" 22 37 4 4 4 4
"1967" 23 37 3 3 3 3
"1968" 24 37 3 2 2 1
"1969" 25 37 3 3 3 3
"1970" 26 37 2 2 3 3
"1971" 27 37 1 1 1 1
"1972" 28 37 4 4 4 3
"1973" 29 37 3 3 3 2
"1974" 30 37 3 3 3 3
"1975" 31 37 2 1 1 1
"1976" 32 37 4 3 2 2
"1977" 33 37 3 3 3 3
"1978" 34 37 2 2 1 1
"1979" 35 37 4 4 3 3
"1980" 36 37 5 5 4 4
"1981" 37 37 NA NA NA NA
"1982" 38 37 3 3 3 3
"1983" 39 37 4 3 3 3
"1984" 40 37 3 3 3 3
"1985" 41 37 4 3 3 3
"1986" 42 37 3 3 3 2
"1987" 43 37 3 3 3 3
"1988" 44 37 4 4 4 4
"1989" 45 37 4 4 3 3
"1990" 46 37 5 5 3 3
"1991" 47 37 4 3 3 3
"1992" 48 37 3 3 3 3
"1993" 49 37 3 3 2 2
"1994" 50 37 3 1 1 1
"1995" 51 37 3 3 3 3
"1996" 52 37 3 3 3 3
"1997" 53 37 3 3 2 1
"1998" 54 37 3 2 2 2
"1999" 1 38 2 2 2 2
"2000" 2 38 4 4 2 2
"2001" 3 38 3 2 3 3
"2002" 4 38 4 4 4 4
"2003" 5 38 4 4 4 4
"2004" 6 38 4 3 4 3
"2005" 7 38 3 3 3 3
"2006" 8 38 4 4 3 3
"2007" 9 38 2 3 4 3
"2008" 10 38 2 1 1 1
"2009" 11 38 3 3 3 3
"2010" 12 38 3 2 3 2
"2011" 13 38 4 3 4 3
"2012" 14 38 3 3 3 1
"2013" 15 38 2 1 2 2
"2014" 16 38 3 4 4 4
"2015" 17 38 3 3 2 2
"2016" 18 38 5 4 3 1
"2017" 19 38 3 3 2 2
"2018" 20 38 4 3 3 3
"2019" 21 38 3 2 3 2
"2020" 22 38 3 3 3 3
"2021" 23 38 3 3 3 3
"2022" 24 38 3 1 2 2
"2023" 25 38 0 0 2 1
"2024" 26 38 2 1 2 2
"2025" 27 38 4 2 3 2
"2026" 28 38 2 2 2 2
"2027" 29 38 4 4 2 2
"2028" 30 38 2 1 3 3
"2029" 31 38 2 1 3 4
"2030" 32 38 2 0 1 0
"2031" 33 38 3 3 3 3
"2032" 34 38 3 3 3 3
"2033" 35 38 1 1 1 1
"2034" 36 38 2 1 2 2
"2035" 37 38 4 4 3 3
"2036" 38 38 NA NA NA NA
"2037" 39 38 3 3 3 3
"2038" 40 38 4 4 4 4
"2039" 41 38 3 3 3 3
"2040" 42 38 3 3 3 3
"2041" 43 38 3 3 3 3
"2042" 44 38 3 3 2 2
"2043" 45 38 4 3 3 3
"2044" 46 38 5 5 3 3
"2045" 47 38 3 2 3 2
"2046" 48 38 4 4 4 4
"2047" 49 38 3 2 3 2
"2048" 50 38 3 3 2 2
"2049" 51 38 3 1 3 2
"2050" 52 38 2 1 2 2
"2051" 53 38 4 3 2 2
"2052" 54 38 4 3 3 3
"2053" 1 39 3 3 3 3
"2054" 2 39 4 3 3 3
"2055" 3 39 3 3 2 2
"2056" 4 39 3 2 3 2
"2057" 5 39 3 1 2 1
"2058" 6 39 4 4 3 3
"2059" 7 39 3 3 3 3
"2060" 8 39 4 3 3 3
"2061" 9 39 3 2 4 2
"2062" 10 39 2 3 3 2
"2063" 11 39 3 3 3 3
"2064" 12 39 2 3 3 2
"2065" 13 39 3 3 3 3
"2066" 14 39 3 2 3 2
"2067" 15 39 3 3 3 3
"2068" 16 39 3 3 3 3
"2069" 17 39 4 4 3 3
"2070" 18 39 4 4 3 4
"2071" 19 39 3 3 2 2
"2072" 20 39 4 4 4 3
"2073" 21 39 3 3 3 2
"2074" 22 39 3 2 2 2
"2075" 23 39 2 1 3 2
"2076" 24 39 3 2 1 0
"2077" 25 39 3 4 3 2
"2078" 26 39 3 3 3 3
"2079" 27 39 4 4 4 4
"2080" 28 39 4 3 4 3
"2081" 29 39 3 3 3 3
"2082" 30 39 3 3 3 2
"2083" 31 39 3 4 4 3
"2084" 32 39 3 3 3 3
"2085" 33 39 3 3 3 3
"2086" 34 39 4 4 3 3
"2087" 35 39 4 4 3 3
"2088" 36 39 3 2 3 2
"2089" 37 39 1 1 1 1
"2090" 38 39 3 3 3 3
"2091" 39 39 NA NA NA NA
"2092" 40 39 5 5 5 5
"2093" 41 39 3 3 3 3
"2094" 42 39 3 1 2 2
"2095" 43 39 3 3 3 3
"2096" 44 39 4 3 3 3
"2097" 45 39 4 4 3 2
"2098" 46 39 4 4 3 2
"2099" 47 39 3 3 3 3
"2100" 48 39 1 1 1 1
"2101" 49 39 3 2 3 2
"2102" 50 39 3 3 3 3
"2103" 51 39 2 2 3 2
"2104" 52 39 4 3 3 3
"2105" 53 39 3 3 1 1
"2106" 54 39 3 3 2 2
"2107" 1 40 3 3 3 3
"2108" 2 40 4 3 3 2
"2109" 3 40 2 2 3 3
"2110" 4 40 3 2 2 1
"2111" 5 40 3 2 2 1
"2112" 6 40 4 4 2 2
"2113" 7 40 3 3 3 3
"2114" 8 40 4 3 3 3
"2115" 9 40 4 4 4 4
"2116" 10 40 3 2 3 2
"2117" 11 40 2 2 2 2
"2118" 12 40 2 2 2 2
"2119" 13 40 4 4 4 3
"2120" 14 40 4 5 3 2
"2121" 15 40 2 2 2 2
"2122" 16 40 2 2 2 2
"2123" 17 40 3 3 2 2
"2124" 18 40 3 2 1 0
"2125" 19 40 2 2 2 2
"2126" 20 40 4 3 3 3
"2127" 21 40 4 3 3 3
"2128" 22 40 3 3 3 3
"2129" 23 40 4 5 3 4
"2130" 24 40 3 2 2 1
"2131" 25 40 3 4 3 3
"2132" 26 40 3 3 3 3
"2133" 27 40 3 2 2 1
"2134" 28 40 3 4 3 3
"2135" 29 40 3 3 3 1
"2136" 30 40 3 3 2 3
"2137" 31 40 2 1 3 2
"2138" 32 40 3 3 2 2
"2139" 33 40 4 3 3 3
"2140" 34 40 3 3 3 3
"2141" 35 40 3 3 3 3
"2142" 36 40 4 4 3 2
"2143" 37 40 2 2 2 2
"2144" 38 40 3 3 3 3
"2145" 39 40 4 3 3 3
"2146" 40 40 NA NA NA NA
"2147" 41 40 3 3 3 3
"2148" 42 40 3 2 2 2
"2149" 43 40 4 4 4 4
"2150" 44 40 2 2 2 1
"2151" 45 40 3 4 3 3
"2152" 46 40 4 4 3 3
"2153" 47 40 3 3 3 3
"2154" 48 40 3 3 3 3
"2155" 49 40 3 2 3 2
"2156" 50 40 2 1 2 1
"2157" 51 40 3 3 3 3
"2158" 52 40 4 3 3 3
"2159" 53 40 3 2 2 1
"2160" 54 40 3 3 2 2
"2161" 1 41 3 4 2 2
"2162" 2 41 4 3 3 2
"2163" 3 41 4 3 3 3
"2164" 4 41 3 3 4 3
"2165" 5 41 4 4 3 2
"2166" 6 41 5 4 3 3
"2167" 7 41 4 4 2 2
"2168" 8 41 4 4 3 3
"2169" 9 41 4 4 3 3
"2170" 10 41 4 4 3 2
"2171" 11 41 3 2 2 2
"2172" 12 41 4 3 3 3
"2173" 13 41 4 3 4 3
"2174" 14 41 4 5 3 3
"2175" 15 41 4 4 4 4
"2176" 16 41 3 3 3 3
"2177" 17 41 3 3 3 3
"2178" 18 41 5 4 4 3
"2179" 19 41 3 3 2 2
"2180" 20 41 4 3 3 3
"2181" 21 41 3 3 3 2
"2182" 22 41 4 4 3 3
"2183" 23 41 4 4 4 2
"2184" 24 41 2 1 3 2
"2185" 25 41 3 2 3 2
"2186" 26 41 2 1 2 2
"2187" 27 41 3 2 2 1
"2188" 28 41 5 4 4 4
"2189" 29 41 3 3 2 1
"2190" 30 41 3 3 2 2
"2191" 31 41 1 0 1 0
"2192" 32 41 4 4 3 2
"2193" 33 41 4 4 3 3
"2194" 34 41 3 2 2 2
"2195" 35 41 4 4 3 3
"2196" 36 41 3 3 3 2
"2197" 37 41 3 3 3 3
"2198" 38 41 4 4 4 4
"2199" 39 41 3 3 3 3
"2200" 40 41 5 5 5 5
"2201" 41 41 NA NA NA NA
"2202" 42 41 4 3 3 3
"2203" 43 41 3 3 3 3
"2204" 44 41 4 5 4 3
"2205" 45 41 5 5 3 3
"2206" 46 41 4 4 3 3
"2207" 47 41 3 2 3 2
"2208" 48 41 3 3 3 3
"2209" 49 41 3 2 3 3
"2210" 50 41 4 4 3 3
"2211" 51 41 4 3 4 3
"2212" 52 41 4 4 3 3
"2213" 53 41 4 3 2 1
"2214" 54 41 5 3 3 3
"2215" 1 42 3 4 3 3
"2216" 2 42 4 4 3 3
"2217" 3 42 3 3 3 3
"2218" 4 42 3 4 3 3
"2219" 5 42 4 3 3 2
"2220" 6 42 4 4 3 3
"2221" 7 42 3 3 3 3
"2222" 8 42 3 3 3 3
"2223" 9 42 3 4 4 4
"2224" 10 42 2 2 3 2
"2225" 11 42 3 3 3 3
"2226" 12 42 3 2 3 2
"2227" 13 42 4 3 4 4
"2228" 14 42 3 2 3 2
"2229" 15 42 3 2 2 2
"2230" 16 42 2 2 3 2
"2231" 17 42 4 4 3 3
"2232" 18 42 3 2 4 3
"2233" 19 42 3 3 2 2
"2234" 20 42 4 3 3 3
"2235" 21 42 4 4 4 4
"2236" 22 42 4 3 3 3
"2237" 23 42 3 4 2 4
"2238" 24 42 3 4 3 3
"2239" 25 42 3 3 3 3
"2240" 26 42 3 2 4 3
"2241" 27 42 4 3 3 2
"2242" 28 42 2 2 2 3
"2243" 29 42 4 2 2 2
"2244" 30 42 3 2 3 3
"2245" 31 42 5 5 4 4
"2246" 32 42 2 1 2 1
"2247" 33 42 4 3 3 3
"2248" 34 42 3 3 3 3
"2249" 35 42 1 1 2 2
"2250" 36 42 3 2 3 2
"2251" 37 42 1 1 0 0
"2252" 38 42 4 4 4 4
"2253" 39 42 3 3 2 2
"2254" 40 42 3 3 3 3
"2255" 41 42 3 3 3 3
"2256" 42 42 NA NA NA NA
"2257" 43 42 3 3 3 3
"2258" 44 42 4 3 3 3
"2259" 45 42 3 3 3 3
"2260" 46 42 3 3 3 3
"2261" 47 42 3 2 3 2
"2262" 48 42 3 3 3 3
"2263" 49 42 3 3 3 3
"2264" 50 42 3 2 2 3
"2265" 51 42 3 2 3 2
"2266" 52 42 3 3 3 3
"2267" 53 42 3 3 2 2
"2268" 54 42 4 3 3 3
"2269" 1 43 3 3 3 3
"2270" 2 43 4 3 2 2
"2271" 3 43 2 2 3 3
"2272" 4 43 3 3 3 3
"2273" 5 43 4 4 4 4
"2274" 6 43 4 3 3 3
"2275" 7 43 4 4 3 2
"2276" 8 43 3 3 3 3
"2277" 9 43 3 2 4 3
"2278" 10 43 1 1 1 1
"2279" 11 43 3 2 2 2
"2280" 12 43 2 2 2 2
"2281" 13 43 4 4 4 3
"2282" 14 43 3 2 3 2
"2283" 15 43 2 2 2 2
"2284" 16 43 2 2 2 2
"2285" 17 43 4 4 3 3
"2286" 18 43 5 3 3 4
"2287" 19 43 2 2 2 2
"2288" 20 43 3 3 2 2
"2289" 21 43 3 3 3 3
"2290" 22 43 2 2 2 2
"2291" 23 43 3 5 3 5
"2292" 24 43 2 0 3 2
"2293" 25 43 2 0 3 1
"2294" 26 43 1 1 1 1
"2295" 27 43 4 2 2 1
"2296" 28 43 2 1 2 1
"2297" 29 43 4 2 2 1
"2298" 30 43 2 1 3 3
"2299" 31 43 2 1 3 1
"2300" 32 43 3 0 2 0
"2301" 33 43 3 3 3 3
"2302" 34 43 2 2 2 2
"2303" 35 43 2 2 2 2
"2304" 36 43 1 1 2 1
"2305" 37 43 3 3 2 2
"2306" 38 43 3 3 3 3
"2307" 39 43 3 2 2 2
"2308" 40 43 3 3 3 3
"2309" 41 43 3 3 3 3
"2310" 42 43 4 2 3 2
"2311" 43 43 NA NA NA NA
"2312" 44 43 3 3 3 3
"2313" 45 43 3 3 3 3
"2314" 46 43 3 3 3 3
"2315" 47 43 4 2 2 2
"2316" 48 43 3 3 3 3
"2317" 49 43 3 2 3 2
"2318" 50 43 3 1 2 0
"2319" 51 43 3 1 3 2
"2320" 52 43 3 2 2 2
"2321" 53 43 3 2 1 1
"2322" 54 43 4 3 3 3
"2323" 1 44 3 3 3 3
"2324" 2 44 3 3 2 2
"2325" 3 44 4 3 2 2
"2326" 4 44 4 4 3 3
"2327" 5 44 3 3 1 1
"2328" 6 44 5 3 4 3
"2329" 7 44 4 4 2 3
"2330" 8 44 4 4 3 3
"2331" 9 44 4 4 3 2
"2332" 10 44 3 3 3 2
"2333" 11 44 3 2 2 2
"2334" 12 44 4 4 4 3
"2335" 13 44 4 3 4 3
"2336" 14 44 3 2 3 3
"2337" 15 44 4 3 3 3
"2338" 16 44 1 3 3 3
"2339" 17 44 4 4 3 3
"2340" 18 44 4 5 4 3
"2341" 19 44 2 2 2 2
"2342" 20 44 4 3 2 2
"2343" 21 44 4 3 3 2
"2344" 22 44 4 3 4 3
"2345" 23 44 5 5 3 2
"2346" 24 44 3 2 2 1
"2347" 25 44 4 3 2 1
"2348" 26 44 4 4 3 3
"2349" 27 44 4 3 3 2
"2350" 28 44 4 4 4 3
"2351" 29 44 4 2 3 2
"2352" 30 44 3 3 2 2
"2353" 31 44 3 1 3 1
"2354" 32 44 4 3 2 2
"2355" 33 44 4 4 3 3
"2356" 34 44 2 2 2 2
"2357" 35 44 4 4 3 3
"2358" 36 44 2 2 3 2
"2359" 37 44 1 0 2 0
"2360" 38 44 4 4 4 4
"2361" 39 44 4 3 3 3
"2362" 40 44 3 3 3 3
"2363" 41 44 3 3 3 3
"2364" 42 44 3 2 2 2
"2365" 43 44 4 4 4 4
"2366" 44 44 NA NA NA NA
"2367" 45 44 4 4 3 3
"2368" 46 44 5 5 3 3
"2369" 47 44 4 2 3 2
"2370" 48 44 3 3 3 3
"2371" 49 44 3 3 3 2
"2372" 50 44 4 4 3 3
"2373" 51 44 4 3 4 3
"2374" 52 44 4 4 3 3
"2375" 53 44 4 3 1 1
"2376" 54 44 4 3 2 2
"2377" 1 45 2 2 2 2
"2378" 2 45 4 4 3 3
"2379" 3 45 3 2 3 2
"2380" 4 45 3 4 3 3
"2381" 5 45 3 2 2 1
"2382" 6 45 3 4 2 3
"2383" 7 45 4 3 2 2
"2384" 8 45 4 4 3 3
"2385" 9 45 4 4 4 4
"2386" 10 45 2 2 2 2
"2387" 11 45 2 1 2 2
"2388" 12 45 2 3 3 3
"2389" 13 45 3 3 4 3
"2390" 14 45 3 4 3 3
"2391" 15 45 3 2 3 3
"2392" 16 45 1 1 1 1
"2393" 17 45 3 4 3 3
"2394" 18 45 4 3 2 1
"2395" 19 45 2 2 2 2
"2396" 20 45 4 3 3 3
"2397" 21 45 3 2 3 2
"2398" 22 45 2 3 3 2
"2399" 23 45 3 3 3 3
"2400" 24 45 2 1 2 2
"2401" 25 45 2 1 3 2
"2402" 26 45 4 4 4 3
"2403" 27 45 4 2 3 2
"2404" 28 45 4 3 3 3
"2405" 29 45 2 3 2 0
"2406" 30 45 3 3 3 3
"2407" 31 45 2 2 2 1
"2408" 32 45 2 2 2 2
"2409" 33 45 3 3 3 3
"2410" 34 45 2 2 2 2
"2411" 35 45 3 3 3 3
"2412" 36 45 3 2 3 2
"2413" 37 45 1 0 0 0
"2414" 38 45 3 3 3 3
"2415" 39 45 3 3 3 3
"2416" 40 45 2 2 3 3
"2417" 41 45 3 3 3 3
"2418" 42 45 3 2 3 3
"2419" 43 45 2 2 2 2
"2420" 44 45 4 4 3 3
"2421" 45 45 NA NA NA NA
"2422" 46 45 5 5 4 4
"2423" 47 45 4 3 3 2
"2424" 48 45 3 3 3 3
"2425" 49 45 2 2 2 2
"2426" 50 45 4 4 3 3
"2427" 51 45 4 3 3 3
"2428" 52 45 4 3 3 3
"2429" 53 45 4 4 1 1
"2430" 54 45 3 2 2 2
"2431" 1 46 3 3 2 2
"2432" 2 46 3 3 2 2
"2433" 3 46 2 1 3 3
"2434" 4 46 2 1 2 2
"2435" 5 46 3 3 2 1
"2436" 6 46 4 3 3 3
"2437" 7 46 3 3 1 1
"2438" 8 46 3 3 3 3
"2439" 9 46 2 3 3 2
"2440" 10 46 2 3 3 2
"2441" 11 46 3 2 3 2
"2442" 12 46 2 2 2 2
"2443" 13 46 3 3 3 2
"2444" 14 46 3 2 3 2
"2445" 15 46 3 3 3 3
"2446" 16 46 2 2 2 2
"2447" 17 46 4 4 4 4
"2448" 18 46 3 1 1 2
"2449" 19 46 3 3 2 2
"2450" 20 46 4 3 3 3
"2451" 21 46 3 3 3 3
"2452" 22 46 3 3 3 3
"2453" 23 46 2 2 3 4
"2454" 24 46 3 3 3 3
"2455" 25 46 3 1 3 2
"2456" 26 46 2 2 3 3
"2457" 27 46 3 2 2 1
"2458" 28 46 4 4 3 4
"2459" 29 46 3 3 3 3
"2460" 30 46 2 2 3 2
"2461" 31 46 1 1 2 1
"2462" 32 46 3 3 3 2
"2463" 33 46 3 3 3 3
"2464" 34 46 3 3 3 3
"2465" 35 46 3 3 3 3
"2466" 36 46 2 1 2 2
"2467" 37 46 0 0 0 0
"2468" 38 46 3 3 3 3
"2469" 39 46 2 2 2 2
"2470" 40 46 3 3 3 3
"2471" 41 46 4 3 3 3
"2472" 42 46 1 1 1 1
"2473" 43 46 4 4 4 4
"2474" 44 46 3 3 3 3
"2475" 45 46 5 5 4 3
"2476" 46 46 NA NA NA NA
"2477" 47 46 4 3 3 3
"2478" 48 46 3 3 3 3
"2479" 49 46 2 2 2 2
"2480" 50 46 3 4 3 3
"2481" 51 46 3 2 3 2
"2482" 52 46 4 4 3 3
"2483" 53 46 2 2 1 0
"2484" 54 46 3 3 2 2
"2485" 1 47 3 3 3 2
"2486" 2 47 4 3 3 3
"2487" 3 47 3 3 3 3
"2488" 4 47 3 3 3 3
"2489" 5 47 3 2 2 1
"2490" 6 47 3 4 3 4
"2491" 7 47 3 3 2 3
"2492" 8 47 3 3 3 3
"2493" 9 47 3 4 5 5
"2494" 10 47 2 2 3 3
"2495" 11 47 3 2 2 2
"2496" 12 47 3 3 3 3
"2497" 13 47 3 2 3 3
"2498" 14 47 3 2 3 2
"2499" 15 47 3 2 2 2
"2500" 16 47 2 2 2 2
"2501" 17 47 3 3 3 3
"2502" 18 47 4 4 4 3
"2503" 19 47 3 3 2 2
"2504" 20 47 4 4 4 4
"2505" 21 47 2 2 3 2
"2506" 22 47 3 3 3 3
"2507" 23 47 3 4 2 4
"2508" 24 47 4 3 2 2
"2509" 25 47 3 4 3 3
"2510" 26 47 3 4 3 2
"2511" 27 47 3 2 2 2
"2512" 28 47 3 3 3 3
"2513" 29 47 3 3 3 3
"2514" 30 47 3 3 3 3
"2515" 31 47 3 3 3 2
"2516" 32 47 4 4 4 3
"2517" 33 47 3 3 3 3
"2518" 34 47 3 3 3 3
"2519" 35 47 3 3 3 3
"2520" 36 47 1 1 2 1
"2521" 37 47 3 2 3 2
"2522" 38 47 3 3 3 3
"2523" 39 47 4 3 3 3
"2524" 40 47 3 3 3 3
"2525" 41 47 3 3 3 3
"2526" 42 47 4 3 3 3
"2527" 43 47 4 4 4 4
"2528" 44 47 3 2 3 3
"2529" 45 47 4 4 3 3
"2530" 46 47 4 4 3 3
"2531" 47 47 NA NA NA NA
"2532" 48 47 3 3 3 3
"2533" 49 47 3 2 3 2
"2534" 50 47 3 4 3 3
"2535" 51 47 3 2 3 3
"2536" 52 47 4 3 3 3
"2537" 53 47 4 3 1 1
"2538" 54 47 3 2 2 2
"2539" 1 48 3 3 3 3
"2540" 2 48 4 4 3 3
"2541" 3 48 4 3 3 3
"2542" 4 48 3 3 3 3
"2543" 5 48 2 1 2 1
"2544" 6 48 5 4 4 4
"2545" 7 48 4 3 2 2
"2546" 8 48 4 4 3 3
"2547" 9 48 4 4 4 4
"2548" 10 48 3 3 3 2
"2549" 11 48 3 3 3 3
"2550" 12 48 4 3 4 3
"2551" 13 48 4 3 4 3
"2552" 14 48 4 4 4 3
"2553" 15 48 3 3 3 3
"2554" 16 48 2 2 2 2
"2555" 17 48 3 3 3 3
"2556" 18 48 4 3 3 2
"2557" 19 48 2 2 2 2
"2558" 20 48 4 4 3 4
"2559" 21 48 3 3 3 3
"2560" 22 48 4 4 3 3
"2561" 23 48 5 5 3 4
"2562" 24 48 4 3 3 2
"2563" 25 48 3 3 3 3
"2564" 26 48 3 3 2 1
"2565" 27 48 1 1 1 1
"2566" 28 48 4 4 3 4
"2567" 29 48 3 2 3 2
"2568" 30 48 2 3 3 3
"2569" 31 48 1 1 3 2
"2570" 32 48 3 3 3 3
"2571" 33 48 4 4 3 3
"2572" 34 48 3 3 3 3
"2573" 35 48 3 3 3 3
"2574" 36 48 4 3 3 2
"2575" 37 48 2 2 2 1
"2576" 38 48 3 3 3 3
"2577" 39 48 4 3 3 3
"2578" 40 48 3 3 3 3
"2579" 41 48 4 3 3 3
"2580" 42 48 3 2 2 2
"2581" 43 48 3 3 3 3
"2582" 44 48 4 4 3 3
"2583" 45 48 5 5 3 4
"2584" 46 48 4 4 3 3
"2585" 47 48 4 4 3 3
"2586" 48 48 NA NA NA NA
"2587" 49 48 3 3 3 3
"2588" 50 48 4 4 3 3
"2589" 51 48 4 3 3 4
"2590" 52 48 4 4 3 3
"2591" 53 48 3 3 1 0
"2592" 54 48 3 3 2 2
"2593" 1 49 3 3 3 3
"2594" 2 49 3 3 3 2
"2595" 3 49 4 2 3 3
"2596" 4 49 3 4 3 3
"2597" 5 49 4 3 3 1
"2598" 6 49 4 3 3 3
"2599" 7 49 5 4 3 3
"2600" 8 49 4 4 3 3
"2601" 9 49 4 5 3 3
"2602" 10 49 4 4 3 3
"2603" 11 49 3 3 2 2
"2604" 12 49 3 2 3 2
"2605" 13 49 4 3 4 4
"2606" 14 49 4 3 3 3
"2607" 15 49 4 4 3 3
"2608" 16 49 5 5 5 5
"2609" 17 49 3 3 3 3
"2610" 18 49 5 4 3 4
"2611" 19 49 2 2 2 2
"2612" 20 49 4 4 4 4
"2613" 21 49 3 2 3 3
"2614" 22 49 4 4 3 3
"2615" 23 49 4 5 2 4
"2616" 24 49 5 4 4 3
"2617" 25 49 3 4 3 3
"2618" 26 49 3 3 3 3
"2619" 27 49 4 3 3 3
"2620" 28 49 4 4 3 3
"2621" 29 49 4 4 4 3
"2622" 30 49 4 4 3 3
"2623" 31 49 5 5 3 4
"2624" 32 49 2 2 2 2
"2625" 33 49 3 3 3 3
"2626" 34 49 4 4 3 3
"2627" 35 49 2 2 2 2
"2628" 36 49 2 1 2 2
"2629" 37 49 1 2 2 1
"2630" 38 49 4 4 4 4
"2631" 39 49 4 3 3 3
"2632" 40 49 4 4 3 3
"2633" 41 49 4 3 3 3
"2634" 42 49 3 0 1 1
"2635" 43 49 2 2 2 2
"2636" 44 49 3 2 3 2
"2637" 45 49 5 5 3 4
"2638" 46 49 5 5 3 3
"2639" 47 49 4 4 3 3
"2640" 48 49 4 4 4 4
"2641" 49 49 NA NA NA NA
"2642" 50 49 5 5 3 3
"2643" 51 49 3 2 3 2
"2644" 52 49 4 3 3 3
"2645" 53 49 3 2 1 0
"2646" 54 49 3 3 3 3
"2647" 1 50 3 4 2 3
"2648" 2 50 4 4 3 2
"2649" 3 50 3 3 2 2
"2650" 4 50 3 2 3 2
"2651" 5 50 3 3 3 3
"2652" 6 50 4 4 4 3
"2653" 7 50 4 4 3 2
"2654" 8 50 4 4 3 3
"2655" 9 50 3 3 3 2
"2656" 10 50 2 2 2 1
"2657" 11 50 3 2 2 2
"2658" 12 50 4 4 3 3
"2659" 13 50 4 3 4 3
"2660" 14 50 4 3 3 2
"2661" 15 50 2 2 2 2
"2662" 16 50 4 3 4 3
"2663" 17 50 3 3 2 2
"2664" 18 50 1 0 2 1
"2665" 19 50 1 1 2 2
"2666" 20 50 3 2 3 2
"2667" 21 50 3 3 3 3
"2668" 22 50 4 4 4 4
"2669" 23 50 4 5 2 4
"2670" 24 50 3 3 3 2
"2671" 25 50 3 2 2 2
"2672" 26 50 4 4 4 4
"2673" 27 50 3 3 3 3
"2674" 28 50 4 4 3 4
"2675" 29 50 3 3 3 2
"2676" 30 50 4 3 2 3
"2677" 31 50 3 0 2 2
"2678" 32 50 3 3 3 3
"2679" 33 50 4 4 3 3
"2680" 34 50 2 2 2 2
"2681" 35 50 3 3 3 3
"2682" 36 50 2 1 2 0
"2683" 37 50 1 1 1 1
"2684" 38 50 3 3 3 3
"2685" 39 50 4 3 3 2
"2686" 40 50 4 4 3 3
"2687" 41 50 4 3 3 3
"2688" 42 50 3 4 3 3
"2689" 43 50 3 3 3 3
"2690" 44 50 4 4 4 3
"2691" 45 50 4 4 3 3
"2692" 46 50 4 4 3 3
"2693" 47 50 4 4 3 2
"2694" 48 50 4 4 4 4
"2695" 49 50 3 3 2 2
"2696" 50 50 NA NA NA NA
"2697" 51 50 4 4 4 3
"2698" 52 50 4 3 3 3
"2699" 53 50 3 3 1 1
"2700" 54 50 3 3 2 2
"2701" 1 51 3 3 3 2
"2702" 2 51 3 3 2 2
"2703" 3 51 3 3 3 3
"2704" 4 51 3 3 2 2
"2705" 5 51 2 1 1 1
"2706" 6 51 5 4 3 3
"2707" 7 51 5 4 3 3
"2708" 8 51 4 4 3 3
"2709" 9 51 4 5 4 4
"2710" 10 51 3 3 2 2
"2711" 11 51 4 3 2 2
"2712" 12 51 4 3 3 3
"2713" 13 51 5 3 4 3
"2714" 14 51 4 4 2 2
"2715" 15 51 3 2 2 2
"2716" 16 51 3 3 2 2
"2717" 17 51 3 4 3 3
"2718" 18 51 5 4 2 2
"2719" 19 51 2 2 2 2
"2720" 20 51 4 2 3 2
"2721" 21 51 3 3 3 2
"2722" 22 51 3 3 3 3
"2723" 23 51 1 0 2 3
"2724" 24 51 2 2 3 3
"2725" 25 51 2 1 2 2
"2726" 26 51 3 2 3 3
"2727" 27 51 2 1 2 1
"2728" 28 51 4 4 4 4
"2729" 29 51 3 3 3 3
"2730" 30 51 2 3 3 3
"2731" 31 51 1 0 1 0
"2732" 32 51 3 1 1 1
"2733" 33 51 3 3 3 3
"2734" 34 51 3 3 3 3
"2735" 35 51 3 3 3 3
"2736" 36 51 4 3 4 3
"2737" 37 51 4 4 4 4
"2738" 38 51 2 2 2 2
"2739" 39 51 4 4 3 3
"2740" 40 51 1 1 2 2
"2741" 41 51 3 3 3 3
"2742" 42 51 3 3 3 2
"2743" 43 51 3 3 3 3
"2744" 44 51 3 4 2 2
"2745" 45 51 5 5 3 3
"2746" 46 51 5 5 3 3
"2747" 47 51 3 3 3 3
"2748" 48 51 4 4 4 4
"2749" 49 51 3 3 3 3
"2750" 50 51 4 3 2 1
"2751" 51 51 NA NA NA NA
"2752" 52 51 5 4 4 4
"2753" 53 51 2 2 1 0
"2754" 54 51 3 3 2 2
"2755" 1 52 3 3 2 2
"2756" 2 52 4 3 3 3
"2757" 3 52 4 3 3 3
"2758" 4 52 3 4 3 3
"2759" 5 52 3 2 2 1
"2760" 6 52 5 5 4 4
"2761" 7 52 4 4 3 3
"2762" 8 52 4 4 3 3
"2763" 9 52 4 5 4 4
"2764" 10 52 4 3 3 2
"2765" 11 52 4 3 3 3
"2766" 12 52 2 2 3 2
"2767" 13 52 5 4 4 3
"2768" 14 52 5 3 3 3
"2769" 15 52 4 4 4 4
"2770" 16 52 2 3 3 3
"2771" 17 52 4 4 3 3
"2772" 18 52 4 4 3 2
"2773" 19 52 3 3 2 2
"2774" 20 52 4 4 4 4
"2775" 21 52 3 3 3 3
"2776" 22 52 4 4 3 3
"2777" 23 52 3 3 3 3
"2778" 24 52 4 4 2 2
"2779" 25 52 3 4 3 2
"2780" 26 52 4 4 3 3
"2781" 27 52 4 3 3 3
"2782" 28 52 4 4 3 3
"2783" 29 52 4 4 4 4
"2784" 30 52 4 4 4 4
"2785" 31 52 4 4 4 3
"2786" 32 52 2 2 2 2
"2787" 33 52 4 3 3 3
"2788" 34 52 3 3 3 3
"2789" 35 52 3 2 3 3
"2790" 36 52 3 2 3 2
"2791" 37 52 4 3 3 3
"2792" 38 52 4 4 4 4
"2793" 39 52 4 3 3 3
"2794" 40 52 3 3 3 3
"2795" 41 52 3 3 3 3
"2796" 42 52 4 4 3 3
"2797" 43 52 2 3 3 3
"2798" 44 52 4 4 4 3
"2799" 45 52 5 5 3 3
"2800" 46 52 5 5 3 3
"2801" 47 52 3 3 3 3
"2802" 48 52 4 4 4 4
"2803" 49 52 3 3 2 2
"2804" 50 52 5 4 3 2
"2805" 51 52 4 4 4 4
"2806" 52 52 NA NA NA NA
"2807" 53 52 3 3 1 1
"2808" 54 52 3 3 2 2
"2809" 1 53 3 3 3 2
"2810" 2 53 4 4 3 3
"2811" 3 53 4 3 3 3
"2812" 4 53 3 3 3 2
"2813" 5 53 3 2 2 1
"2814" 6 53 5 4 4 3
"2815" 7 53 4 5 3 3
"2816" 8 53 4 4 3 3
"2817" 9 53 5 5 4 4
"2818" 10 53 4 3 3 3
"2819" 11 53 3 2 3 3
"2820" 12 53 3 3 3 3
"2821" 13 53 4 3 4 3
"2822" 14 53 5 5 3 3
"2823" 15 53 4 3 3 3
"2824" 16 53 3 3 3 3
"2825" 17 53 3 3 3 2
"2826" 18 53 5 4 3 2
"2827" 19 53 2 2 2 2
"2828" 20 53 4 3 3 2
"2829" 21 53 4 4 3 3
"2830" 22 53 3 3 3 3
"2831" 23 53 3 4 3 4
"2832" 24 53 4 4 3 3
"2833" 25 53 3 4 3 3
"2834" 26 53 3 3 3 3
"2835" 27 53 4 4 4 3
"2836" 28 53 4 4 4 3
"2837" 29 53 2 2 3 3
"2838" 30 53 4 4 3 4
"2839" 31 53 2 1 2 3
"2840" 32 53 3 3 3 3
"2841" 33 53 4 3 3 3
"2842" 34 53 4 4 3 3
"2843" 35 53 3 3 3 3
"2844" 36 53 3 3 3 3
"2845" 37 53 4 4 3 2
"2846" 38 53 4 4 4 4
"2847" 39 53 4 3 3 3
"2848" 40 53 3 3 4 3
"2849" 41 53 4 4 3 3
"2850" 42 53 3 2 3 2
"2851" 43 53 3 3 3 3
"2852" 44 53 4 4 4 3
"2853" 45 53 4 4 3 3
"2854" 46 53 5 5 3 3
"2855" 47 53 4 4 3 3
"2856" 48 53 3 3 3 3
"2857" 49 53 3 2 3 2
"2858" 50 53 4 4 4 4
"2859" 51 53 4 3 3 3
"2860" 52 53 3 3 3 3
"2861" 53 53 NA NA NA NA
"2862" 54 53 4 4 3 3
"2863" 1 54 3 2 3 3
"2864" 2 54 4 3 3 2
"2865" 3 54 3 2 3 3
"2866" 4 54 2 2 2 2
"2867" 5 54 3 2 2 1
"2868" 6 54 5 4 3 3
"2869" 7 54 4 4 3 3
"2870" 8 54 3 3 3 3
"2871" 9 54 4 4 3 3
"2872" 10 54 2 3 2 1
"2873" 11 54 3 3 3 3
"2874" 12 54 3 2 2 2
"2875" 13 54 3 3 3 2
"2876" 14 54 3 2 3 3
"2877" 15 54 3 3 3 3
"2878" 16 54 5 5 5 5
"2879" 17 54 3 3 3 3
"2880" 18 54 4 3 3 3
"2881" 19 54 3 3 2 2
"2882" 20 54 4 4 3 3
"2883" 21 54 3 2 3 3
"2884" 22 54 3 3 3 3
"2885" 23 54 5 5 3 3
"2886" 24 54 4 4 3 3
"2887" 25 54 3 3 3 2
"2888" 26 54 4 4 3 3
"2889" 27 54 3 2 3 3
"2890" 28 54 3 3 2 2
"2891" 29 54 4 3 4 3
"2892" 30 54 2 2 3 3
"2893" 31 54 4 3 3 3
"2894" 32 54 4 3 3 3
"2895" 33 54 3 3 3 3
"2896" 34 54 3 3 3 3
"2897" 35 54 2 2 2 2
"2898" 36 54 2 1 3 1
"2899" 37 54 2 2 1 0
"2900" 38 54 3 3 3 3
"2901" 39 54 3 3 3 3
"2902" 40 54 3 3 3 3
"2903" 41 54 4 3 3 3
"2904" 42 54 2 1 1 1
"2905" 43 54 3 3 3 3
"2906" 44 54 4 3 2 2
"2907" 45 54 5 5 3 3
"2908" 46 54 4 4 3 3
"2909" 47 54 3 3 3 3
"2910" 48 54 2 2 2 2
"2911" 49 54 2 2 2 2
"2912" 50 54 5 5 3 4
"2913" 51 54 2 1 3 2
"2914" 52 54 4 3 3 3
"2915" 53 54 5 4 1 1
"2916" 54 54 NA NA NA NA
